
| Resolução do Tabuleiro A |
Algoritmo: Breadth-First Search (Largura)
Número de nós gerados > 34
Número de nós expandidos > 23
Penetrância > 0.05882353
Tempo de Execução > 16 ms
Caminho até ao fim do jogo:

 _____________________________________
|                                     |
|      A B C D E F G H I J K L M N    |
|   1 (0 0 0 0 2 2 2 2 2 2 2 2 2 2)   |
|   2 (0 0 0 0 2 2 2 2 2 2 2 2 2 2)   |
|   3 (0 0 0 0 2 2 2 2 2 2 2 2 2 2)   |
|   4 (0 0 0 0 2 2 2 2 2 2 2 2 2 2)   |
|   5 (2 2 2 2 2 2 2 2 2 2 2 2 2 2)   |
|   6 (2 2 2 2 2 2 2 2 2 2 2 2 2 2)   |
|   7 (2 2 2 2 2 2 2 2 2 2 2 2 2 2)   |
|   8 (2 2 2 2 2 2 2 2 2 2 2 2 2 2)   |
|   9 (2 2 2 2 2 2 2 2 2 2 2 2 2 2)   |
|  10 (2 2 2 2 2 2 2 2 2 2 2 2 2 2)   |
|  11 (2 2 2 2 2 2 2 2 2 2 2 2 2 2)   |
|  12 (2 2 2 2 2 2 2 2 2 2 2 2 2 2)   |
|  13 (2 2 2 2 2 2 2 2 2 2 2 2 2 2)   |
|  14 (2 2 2 2 2 2 2 2 2 2 2 2 2 2)   |
|_____________________________________|

 _____________________________________
|                                     |
|      A B C D E F G H I J K L M N    |
|   1 (1 1 0 0 2 2 2 2 2 2 2 2 2 2)   |
|   2 (1 1 0 0 2 2 2 2 2 2 2 2 2 2)   |
|   3 (0 0 0 0 2 2 2 2 2 2 2 2 2 2)   |
|   4 (0 0 0 0 2 2 2 2 2 2 2 2 2 2)   |
|   5 (2 2 2 2 2 2 2 2 2 2 2 2 2 2)   |
|   6 (2 2 2 2 2 2 2 2 2 2 2 2 2 2)   |
|   7 (2 2 2 2 2 2 2 2 2 2 2 2 2 2)   |
|   8 (2 2 2 2 2 2 2 2 2 2 2 2 2 2)   |
|   9 (2 2 2 2 2 2 2 2 2 2 2 2 2 2)   |
|  10 (2 2 2 2 2 2 2 2 2 2 2 2 2 2)   |
|  11 (2 2 2 2 2 2 2 2 2 2 2 2 2 2)   |
|  12 (2 2 2 2 2 2 2 2 2 2 2 2 2 2)   |
|  13 (2 2 2 2 2 2 2 2 2 2 2 2 2 2)   |
|  14 (2 2 2 2 2 2 2 2 2 2 2 2 2 2)   |
|_____________________________________|

 _____________________________________
|                                     |
|      A B C D E F G H I J K L M N    |
|   1 (1 1 0 0 2 2 2 2 2 2 2 2 2 2)   |
|   2 (1 1 0 0 2 2 2 2 2 2 2 2 2 2)   |
|   3 (0 0 1 1 2 2 2 2 2 2 2 2 2 2)   |
|   4 (0 0 1 1 2 2 2 2 2 2 2 2 2 2)   |
|   5 (2 2 2 2 2 2 2 2 2 2 2 2 2 2)   |
|   6 (2 2 2 2 2 2 2 2 2 2 2 2 2 2)   |
|   7 (2 2 2 2 2 2 2 2 2 2 2 2 2 2)   |
|   8 (2 2 2 2 2 2 2 2 2 2 2 2 2 2)   |
|   9 (2 2 2 2 2 2 2 2 2 2 2 2 2 2)   |
|  10 (2 2 2 2 2 2 2 2 2 2 2 2 2 2)   |
|  11 (2 2 2 2 2 2 2 2 2 2 2 2 2 2)   |
|  12 (2 2 2 2 2 2 2 2 2 2 2 2 2 2)   |
|  13 (2 2 2 2 2 2 2 2 2 2 2 2 2 2)   |
|  14 (2 2 2 2 2 2 2 2 2 2 2 2 2 2)   |
|_____________________________________|


| Resolução do Tabuleiro A |
Algoritmo: Depth-First Search (Profundidade)
Número de nós gerados > 158
Número de nós expandidos > 2
Penetrância > .012658228
Profundidade escolhida > 5
Tempo de Execução > 79 ms
Caminho até ao fim do jogo:

 _____________________________________
|                                     |
|      A B C D E F G H I J K L M N    |
|   1 (0 0 0 0 2 2 2 2 2 2 2 2 2 2)   |
|   2 (0 0 0 0 2 2 2 2 2 2 2 2 2 2)   |
|   3 (0 0 0 0 2 2 2 2 2 2 2 2 2 2)   |
|   4 (0 0 0 0 2 2 2 2 2 2 2 2 2 2)   |
|   5 (2 2 2 2 2 2 2 2 2 2 2 2 2 2)   |
|   6 (2 2 2 2 2 2 2 2 2 2 2 2 2 2)   |
|   7 (2 2 2 2 2 2 2 2 2 2 2 2 2 2)   |
|   8 (2 2 2 2 2 2 2 2 2 2 2 2 2 2)   |
|   9 (2 2 2 2 2 2 2 2 2 2 2 2 2 2)   |
|  10 (2 2 2 2 2 2 2 2 2 2 2 2 2 2)   |
|  11 (2 2 2 2 2 2 2 2 2 2 2 2 2 2)   |
|  12 (2 2 2 2 2 2 2 2 2 2 2 2 2 2)   |
|  13 (2 2 2 2 2 2 2 2 2 2 2 2 2 2)   |
|  14 (2 2 2 2 2 2 2 2 2 2 2 2 2 2)   |
|_____________________________________|

 _____________________________________
|                                     |
|      A B C D E F G H I J K L M N    |
|   1 (1 1 0 0 2 2 2 2 2 2 2 2 2 2)   |
|   2 (1 1 0 0 2 2 2 2 2 2 2 2 2 2)   |
|   3 (0 0 0 0 2 2 2 2 2 2 2 2 2 2)   |
|   4 (0 0 0 0 2 2 2 2 2 2 2 2 2 2)   |
|   5 (2 2 2 2 2 2 2 2 2 2 2 2 2 2)   |
|   6 (2 2 2 2 2 2 2 2 2 2 2 2 2 2)   |
|   7 (2 2 2 2 2 2 2 2 2 2 2 2 2 2)   |
|   8 (2 2 2 2 2 2 2 2 2 2 2 2 2 2)   |
|   9 (2 2 2 2 2 2 2 2 2 2 2 2 2 2)   |
|  10 (2 2 2 2 2 2 2 2 2 2 2 2 2 2)   |
|  11 (2 2 2 2 2 2 2 2 2 2 2 2 2 2)   |
|  12 (2 2 2 2 2 2 2 2 2 2 2 2 2 2)   |
|  13 (2 2 2 2 2 2 2 2 2 2 2 2 2 2)   |
|  14 (2 2 2 2 2 2 2 2 2 2 2 2 2 2)   |
|_____________________________________|

 _____________________________________
|                                     |
|      A B C D E F G H I J K L M N    |
|   1 (1 1 0 0 2 2 2 2 2 2 2 2 2 2)   |
|   2 (1 1 0 0 2 2 2 2 2 2 2 2 2 2)   |
|   3 (0 0 1 1 2 2 2 2 2 2 2 2 2 2)   |
|   4 (0 0 1 1 2 2 2 2 2 2 2 2 2 2)   |
|   5 (2 2 2 2 2 2 2 2 2 2 2 2 2 2)   |
|   6 (2 2 2 2 2 2 2 2 2 2 2 2 2 2)   |
|   7 (2 2 2 2 2 2 2 2 2 2 2 2 2 2)   |
|   8 (2 2 2 2 2 2 2 2 2 2 2 2 2 2)   |
|   9 (2 2 2 2 2 2 2 2 2 2 2 2 2 2)   |
|  10 (2 2 2 2 2 2 2 2 2 2 2 2 2 2)   |
|  11 (2 2 2 2 2 2 2 2 2 2 2 2 2 2)   |
|  12 (2 2 2 2 2 2 2 2 2 2 2 2 2 2)   |
|  13 (2 2 2 2 2 2 2 2 2 2 2 2 2 2)   |
|  14 (2 2 2 2 2 2 2 2 2 2 2 2 2 2)   |
|_____________________________________|


| Resolução do Tabuleiro A |
Algoritmo: Depth-First Search (Profundidade)
Número de nós gerados > 26
Número de nós expandidos > 17
Penetrância > 0.30769232
Profundidade escolhida > 100
Tempo de Execução > 16 ms
Caminho até ao fim do jogo:

 _____________________________________
|                                     |
|      A B C D E F G H I J K L M N    |
|   1 (0 0 0 0 2 2 2 2 2 2 2 2 2 2)   |
|   2 (0 0 0 0 2 2 2 2 2 2 2 2 2 2)   |
|   3 (0 0 0 0 2 2 2 2 2 2 2 2 2 2)   |
|   4 (0 0 0 0 2 2 2 2 2 2 2 2 2 2)   |
|   5 (2 2 2 2 2 2 2 2 2 2 2 2 2 2)   |
|   6 (2 2 2 2 2 2 2 2 2 2 2 2 2 2)   |
|   7 (2 2 2 2 2 2 2 2 2 2 2 2 2 2)   |
|   8 (2 2 2 2 2 2 2 2 2 2 2 2 2 2)   |
|   9 (2 2 2 2 2 2 2 2 2 2 2 2 2 2)   |
|  10 (2 2 2 2 2 2 2 2 2 2 2 2 2 2)   |
|  11 (2 2 2 2 2 2 2 2 2 2 2 2 2 2)   |
|  12 (2 2 2 2 2 2 2 2 2 2 2 2 2 2)   |
|  13 (2 2 2 2 2 2 2 2 2 2 2 2 2 2)   |
|  14 (2 2 2 2 2 2 2 2 2 2 2 2 2 2)   |
|_____________________________________|

 _____________________________________
|                                     |
|      A B C D E F G H I J K L M N    |
|   1 (1 0 0 0 2 2 2 2 2 2 2 2 2 2)   |
|   2 (0 0 0 0 2 2 2 2 2 2 2 2 2 2)   |
|   3 (0 0 0 0 2 2 2 2 2 2 2 2 2 2)   |
|   4 (0 0 0 0 2 2 2 2 2 2 2 2 2 2)   |
|   5 (2 2 2 2 2 2 2 2 2 2 2 2 2 2)   |
|   6 (2 2 2 2 2 2 2 2 2 2 2 2 2 2)   |
|   7 (2 2 2 2 2 2 2 2 2 2 2 2 2 2)   |
|   8 (2 2 2 2 2 2 2 2 2 2 2 2 2 2)   |
|   9 (2 2 2 2 2 2 2 2 2 2 2 2 2 2)   |
|  10 (2 2 2 2 2 2 2 2 2 2 2 2 2 2)   |
|  11 (2 2 2 2 2 2 2 2 2 2 2 2 2 2)   |
|  12 (2 2 2 2 2 2 2 2 2 2 2 2 2 2)   |
|  13 (2 2 2 2 2 2 2 2 2 2 2 2 2 2)   |
|  14 (2 2 2 2 2 2 2 2 2 2 2 2 2 2)   |
|_____________________________________|

 _____________________________________
|                                     |
|      A B C D E F G H I J K L M N    |
|   1 (1 0 0 0 2 2 2 2 2 2 2 2 2 2)   |
|   2 (0 1 0 0 2 2 2 2 2 2 2 2 2 2)   |
|   3 (0 0 0 0 2 2 2 2 2 2 2 2 2 2)   |
|   4 (0 0 0 0 2 2 2 2 2 2 2 2 2 2)   |
|   5 (2 2 2 2 2 2 2 2 2 2 2 2 2 2)   |
|   6 (2 2 2 2 2 2 2 2 2 2 2 2 2 2)   |
|   7 (2 2 2 2 2 2 2 2 2 2 2 2 2 2)   |
|   8 (2 2 2 2 2 2 2 2 2 2 2 2 2 2)   |
|   9 (2 2 2 2 2 2 2 2 2 2 2 2 2 2)   |
|  10 (2 2 2 2 2 2 2 2 2 2 2 2 2 2)   |
|  11 (2 2 2 2 2 2 2 2 2 2 2 2 2 2)   |
|  12 (2 2 2 2 2 2 2 2 2 2 2 2 2 2)   |
|  13 (2 2 2 2 2 2 2 2 2 2 2 2 2 2)   |
|  14 (2 2 2 2 2 2 2 2 2 2 2 2 2 2)   |
|_____________________________________|

 _____________________________________
|                                     |
|      A B C D E F G H I J K L M N    |
|   1 (1 0 1 0 2 2 2 2 2 2 2 2 2 2)   |
|   2 (0 1 0 0 2 2 2 2 2 2 2 2 2 2)   |
|   3 (0 0 0 0 2 2 2 2 2 2 2 2 2 2)   |
|   4 (0 0 0 0 2 2 2 2 2 2 2 2 2 2)   |
|   5 (2 2 2 2 2 2 2 2 2 2 2 2 2 2)   |
|   6 (2 2 2 2 2 2 2 2 2 2 2 2 2 2)   |
|   7 (2 2 2 2 2 2 2 2 2 2 2 2 2 2)   |
|   8 (2 2 2 2 2 2 2 2 2 2 2 2 2 2)   |
|   9 (2 2 2 2 2 2 2 2 2 2 2 2 2 2)   |
|  10 (2 2 2 2 2 2 2 2 2 2 2 2 2 2)   |
|  11 (2 2 2 2 2 2 2 2 2 2 2 2 2 2)   |
|  12 (2 2 2 2 2 2 2 2 2 2 2 2 2 2)   |
|  13 (2 2 2 2 2 2 2 2 2 2 2 2 2 2)   |
|  14 (2 2 2 2 2 2 2 2 2 2 2 2 2 2)   |
|_____________________________________|

 _____________________________________
|                                     |
|      A B C D E F G H I J K L M N    |
|   1 (1 0 1 0 2 2 2 2 2 2 2 2 2 2)   |
|   2 (0 1 0 1 2 2 2 2 2 2 2 2 2 2)   |
|   3 (0 0 0 0 2 2 2 2 2 2 2 2 2 2)   |
|   4 (0 0 0 0 2 2 2 2 2 2 2 2 2 2)   |
|   5 (2 2 2 2 2 2 2 2 2 2 2 2 2 2)   |
|   6 (2 2 2 2 2 2 2 2 2 2 2 2 2 2)   |
|   7 (2 2 2 2 2 2 2 2 2 2 2 2 2 2)   |
|   8 (2 2 2 2 2 2 2 2 2 2 2 2 2 2)   |
|   9 (2 2 2 2 2 2 2 2 2 2 2 2 2 2)   |
|  10 (2 2 2 2 2 2 2 2 2 2 2 2 2 2)   |
|  11 (2 2 2 2 2 2 2 2 2 2 2 2 2 2)   |
|  12 (2 2 2 2 2 2 2 2 2 2 2 2 2 2)   |
|  13 (2 2 2 2 2 2 2 2 2 2 2 2 2 2)   |
|  14 (2 2 2 2 2 2 2 2 2 2 2 2 2 2)   |
|_____________________________________|

 _____________________________________
|                                     |
|      A B C D E F G H I J K L M N    |
|   1 (1 0 1 0 2 2 2 2 2 2 2 2 2 2)   |
|   2 (0 1 0 1 2 2 2 2 2 2 2 2 2 2)   |
|   3 (1 0 0 0 2 2 2 2 2 2 2 2 2 2)   |
|   4 (0 0 0 0 2 2 2 2 2 2 2 2 2 2)   |
|   5 (2 2 2 2 2 2 2 2 2 2 2 2 2 2)   |
|   6 (2 2 2 2 2 2 2 2 2 2 2 2 2 2)   |
|   7 (2 2 2 2 2 2 2 2 2 2 2 2 2 2)   |
|   8 (2 2 2 2 2 2 2 2 2 2 2 2 2 2)   |
|   9 (2 2 2 2 2 2 2 2 2 2 2 2 2 2)   |
|  10 (2 2 2 2 2 2 2 2 2 2 2 2 2 2)   |
|  11 (2 2 2 2 2 2 2 2 2 2 2 2 2 2)   |
|  12 (2 2 2 2 2 2 2 2 2 2 2 2 2 2)   |
|  13 (2 2 2 2 2 2 2 2 2 2 2 2 2 2)   |
|  14 (2 2 2 2 2 2 2 2 2 2 2 2 2 2)   |
|_____________________________________|

 _____________________________________
|                                     |
|      A B C D E F G H I J K L M N    |
|   1 (1 0 1 0 2 2 2 2 2 2 2 2 2 2)   |
|   2 (0 1 0 1 2 2 2 2 2 2 2 2 2 2)   |
|   3 (1 0 1 0 2 2 2 2 2 2 2 2 2 2)   |
|   4 (0 0 0 0 2 2 2 2 2 2 2 2 2 2)   |
|   5 (2 2 2 2 2 2 2 2 2 2 2 2 2 2)   |
|   6 (2 2 2 2 2 2 2 2 2 2 2 2 2 2)   |
|   7 (2 2 2 2 2 2 2 2 2 2 2 2 2 2)   |
|   8 (2 2 2 2 2 2 2 2 2 2 2 2 2 2)   |
|   9 (2 2 2 2 2 2 2 2 2 2 2 2 2 2)   |
|  10 (2 2 2 2 2 2 2 2 2 2 2 2 2 2)   |
|  11 (2 2 2 2 2 2 2 2 2 2 2 2 2 2)   |
|  12 (2 2 2 2 2 2 2 2 2 2 2 2 2 2)   |
|  13 (2 2 2 2 2 2 2 2 2 2 2 2 2 2)   |
|  14 (2 2 2 2 2 2 2 2 2 2 2 2 2 2)   |
|_____________________________________|

 _____________________________________
|                                     |
|      A B C D E F G H I J K L M N    |
|   1 (1 0 1 0 2 2 2 2 2 2 2 2 2 2)   |
|   2 (0 1 0 1 2 2 2 2 2 2 2 2 2 2)   |
|   3 (1 0 1 0 2 2 2 2 2 2 2 2 2 2)   |
|   4 (0 1 0 0 2 2 2 2 2 2 2 2 2 2)   |
|   5 (2 2 2 2 2 2 2 2 2 2 2 2 2 2)   |
|   6 (2 2 2 2 2 2 2 2 2 2 2 2 2 2)   |
|   7 (2 2 2 2 2 2 2 2 2 2 2 2 2 2)   |
|   8 (2 2 2 2 2 2 2 2 2 2 2 2 2 2)   |
|   9 (2 2 2 2 2 2 2 2 2 2 2 2 2 2)   |
|  10 (2 2 2 2 2 2 2 2 2 2 2 2 2 2)   |
|  11 (2 2 2 2 2 2 2 2 2 2 2 2 2 2)   |
|  12 (2 2 2 2 2 2 2 2 2 2 2 2 2 2)   |
|  13 (2 2 2 2 2 2 2 2 2 2 2 2 2 2)   |
|  14 (2 2 2 2 2 2 2 2 2 2 2 2 2 2)   |
|_____________________________________|

 _____________________________________
|                                     |
|      A B C D E F G H I J K L M N    |
|   1 (1 0 1 0 2 2 2 2 2 2 2 2 2 2)   |
|   2 (0 1 0 1 2 2 2 2 2 2 2 2 2 2)   |
|   3 (1 0 1 0 2 2 2 2 2 2 2 2 2 2)   |
|   4 (0 1 0 1 2 2 2 2 2 2 2 2 2 2)   |
|   5 (2 2 2 2 2 2 2 2 2 2 2 2 2 2)   |
|   6 (2 2 2 2 2 2 2 2 2 2 2 2 2 2)   |
|   7 (2 2 2 2 2 2 2 2 2 2 2 2 2 2)   |
|   8 (2 2 2 2 2 2 2 2 2 2 2 2 2 2)   |
|   9 (2 2 2 2 2 2 2 2 2 2 2 2 2 2)   |
|  10 (2 2 2 2 2 2 2 2 2 2 2 2 2 2)   |
|  11 (2 2 2 2 2 2 2 2 2 2 2 2 2 2)   |
|  12 (2 2 2 2 2 2 2 2 2 2 2 2 2 2)   |
|  13 (2 2 2 2 2 2 2 2 2 2 2 2 2 2)   |
|  14 (2 2 2 2 2 2 2 2 2 2 2 2 2 2)   |
|_____________________________________|


| Resolução do Tabuleiro B |
Algoritmo: Depth-First Search (Profundidade)
Número de nós gerados > 93
Número de nós expandidos > 79
Penetrância > 0.13978495
Profundidade escolhida > 100
Tempo de Execução > 31 ms
Caminho até ao fim do jogo:

 _____________________________________
|                                     |
|      A B C D E F G H I J K L M N    |
|   1 (0 0 0 0 0 0 0 2 2 2 2 2 2 2)   |
|   2 (0 0 0 0 0 0 0 2 2 2 2 2 2 2)   |
|   3 (0 0 0 0 0 0 0 2 2 2 2 2 2 2)   |
|   4 (0 0 0 0 0 0 0 2 2 2 2 2 2 2)   |
|   5 (0 0 0 0 0 0 0 2 2 2 2 2 2 2)   |
|   6 (0 0 0 0 0 0 0 2 2 2 2 2 2 2)   |
|   7 (0 0 0 0 0 0 0 2 2 2 2 2 2 2)   |
|   8 (2 2 2 2 2 2 2 2 2 2 2 2 2 2)   |
|   9 (2 2 2 2 2 2 2 2 2 2 2 2 2 2)   |
|  10 (2 2 2 2 2 2 2 2 2 2 2 2 2 2)   |
|  11 (2 2 2 2 2 2 2 2 2 2 2 2 2 2)   |
|  12 (2 2 2 2 2 2 2 2 2 2 2 2 2 2)   |
|  13 (2 2 2 2 2 2 2 2 2 2 2 2 2 2)   |
|  14 (2 2 2 2 2 2 2 2 2 2 2 2 2 2)   |
|_____________________________________|

 _____________________________________
|                                     |
|      A B C D E F G H I J K L M N    |
|   1 (1 0 0 0 0 0 0 2 2 2 2 2 2 2)   |
|   2 (0 0 0 0 0 0 0 2 2 2 2 2 2 2)   |
|   3 (0 0 0 0 0 0 0 2 2 2 2 2 2 2)   |
|   4 (0 0 0 0 0 0 0 2 2 2 2 2 2 2)   |
|   5 (0 0 0 0 0 0 0 2 2 2 2 2 2 2)   |
|   6 (0 0 0 0 0 0 0 2 2 2 2 2 2 2)   |
|   7 (0 0 0 0 0 0 0 2 2 2 2 2 2 2)   |
|   8 (2 2 2 2 2 2 2 2 2 2 2 2 2 2)   |
|   9 (2 2 2 2 2 2 2 2 2 2 2 2 2 2)   |
|  10 (2 2 2 2 2 2 2 2 2 2 2 2 2 2)   |
|  11 (2 2 2 2 2 2 2 2 2 2 2 2 2 2)   |
|  12 (2 2 2 2 2 2 2 2 2 2 2 2 2 2)   |
|  13 (2 2 2 2 2 2 2 2 2 2 2 2 2 2)   |
|  14 (2 2 2 2 2 2 2 2 2 2 2 2 2 2)   |
|_____________________________________|

 _____________________________________
|                                     |
|      A B C D E F G H I J K L M N    |
|   1 (1 0 0 0 0 0 0 2 2 2 2 2 2 2)   |
|   2 (0 1 0 0 0 0 0 2 2 2 2 2 2 2)   |
|   3 (0 0 0 0 0 0 0 2 2 2 2 2 2 2)   |
|   4 (0 0 0 0 0 0 0 2 2 2 2 2 2 2)   |
|   5 (0 0 0 0 0 0 0 2 2 2 2 2 2 2)   |
|   6 (0 0 0 0 0 0 0 2 2 2 2 2 2 2)   |
|   7 (0 0 0 0 0 0 0 2 2 2 2 2 2 2)   |
|   8 (2 2 2 2 2 2 2 2 2 2 2 2 2 2)   |
|   9 (2 2 2 2 2 2 2 2 2 2 2 2 2 2)   |
|  10 (2 2 2 2 2 2 2 2 2 2 2 2 2 2)   |
|  11 (2 2 2 2 2 2 2 2 2 2 2 2 2 2)   |
|  12 (2 2 2 2 2 2 2 2 2 2 2 2 2 2)   |
|  13 (2 2 2 2 2 2 2 2 2 2 2 2 2 2)   |
|  14 (2 2 2 2 2 2 2 2 2 2 2 2 2 2)   |
|_____________________________________|

 _____________________________________
|                                     |
|      A B C D E F G H I J K L M N    |
|   1 (1 0 1 0 0 0 0 2 2 2 2 2 2 2)   |
|   2 (0 1 0 0 0 0 0 2 2 2 2 2 2 2)   |
|   3 (0 0 0 0 0 0 0 2 2 2 2 2 2 2)   |
|   4 (0 0 0 0 0 0 0 2 2 2 2 2 2 2)   |
|   5 (0 0 0 0 0 0 0 2 2 2 2 2 2 2)   |
|   6 (0 0 0 0 0 0 0 2 2 2 2 2 2 2)   |
|   7 (0 0 0 0 0 0 0 2 2 2 2 2 2 2)   |
|   8 (2 2 2 2 2 2 2 2 2 2 2 2 2 2)   |
|   9 (2 2 2 2 2 2 2 2 2 2 2 2 2 2)   |
|  10 (2 2 2 2 2 2 2 2 2 2 2 2 2 2)   |
|  11 (2 2 2 2 2 2 2 2 2 2 2 2 2 2)   |
|  12 (2 2 2 2 2 2 2 2 2 2 2 2 2 2)   |
|  13 (2 2 2 2 2 2 2 2 2 2 2 2 2 2)   |
|  14 (2 2 2 2 2 2 2 2 2 2 2 2 2 2)   |
|_____________________________________|

 _____________________________________
|                                     |
|      A B C D E F G H I J K L M N    |
|   1 (1 0 1 0 0 0 0 2 2 2 2 2 2 2)   |
|   2 (0 1 0 1 0 0 0 2 2 2 2 2 2 2)   |
|   3 (0 0 0 0 0 0 0 2 2 2 2 2 2 2)   |
|   4 (0 0 0 0 0 0 0 2 2 2 2 2 2 2)   |
|   5 (0 0 0 0 0 0 0 2 2 2 2 2 2 2)   |
|   6 (0 0 0 0 0 0 0 2 2 2 2 2 2 2)   |
|   7 (0 0 0 0 0 0 0 2 2 2 2 2 2 2)   |
|   8 (2 2 2 2 2 2 2 2 2 2 2 2 2 2)   |
|   9 (2 2 2 2 2 2 2 2 2 2 2 2 2 2)   |
|  10 (2 2 2 2 2 2 2 2 2 2 2 2 2 2)   |
|  11 (2 2 2 2 2 2 2 2 2 2 2 2 2 2)   |
|  12 (2 2 2 2 2 2 2 2 2 2 2 2 2 2)   |
|  13 (2 2 2 2 2 2 2 2 2 2 2 2 2 2)   |
|  14 (2 2 2 2 2 2 2 2 2 2 2 2 2 2)   |
|_____________________________________|

 _____________________________________
|                                     |
|      A B C D E F G H I J K L M N    |
|   1 (1 0 1 0 1 0 0 2 2 2 2 2 2 2)   |
|   2 (0 1 0 1 0 0 0 2 2 2 2 2 2 2)   |
|   3 (0 0 0 0 0 0 0 2 2 2 2 2 2 2)   |
|   4 (0 0 0 0 0 0 0 2 2 2 2 2 2 2)   |
|   5 (0 0 0 0 0 0 0 2 2 2 2 2 2 2)   |
|   6 (0 0 0 0 0 0 0 2 2 2 2 2 2 2)   |
|   7 (0 0 0 0 0 0 0 2 2 2 2 2 2 2)   |
|   8 (2 2 2 2 2 2 2 2 2 2 2 2 2 2)   |
|   9 (2 2 2 2 2 2 2 2 2 2 2 2 2 2)   |
|  10 (2 2 2 2 2 2 2 2 2 2 2 2 2 2)   |
|  11 (2 2 2 2 2 2 2 2 2 2 2 2 2 2)   |
|  12 (2 2 2 2 2 2 2 2 2 2 2 2 2 2)   |
|  13 (2 2 2 2 2 2 2 2 2 2 2 2 2 2)   |
|  14 (2 2 2 2 2 2 2 2 2 2 2 2 2 2)   |
|_____________________________________|

 _____________________________________
|                                     |
|      A B C D E F G H I J K L M N    |
|   1 (1 0 1 0 1 0 0 2 2 2 2 2 2 2)   |
|   2 (0 1 0 1 0 1 0 2 2 2 2 2 2 2)   |
|   3 (0 0 0 0 0 0 0 2 2 2 2 2 2 2)   |
|   4 (0 0 0 0 0 0 0 2 2 2 2 2 2 2)   |
|   5 (0 0 0 0 0 0 0 2 2 2 2 2 2 2)   |
|   6 (0 0 0 0 0 0 0 2 2 2 2 2 2 2)   |
|   7 (0 0 0 0 0 0 0 2 2 2 2 2 2 2)   |
|   8 (2 2 2 2 2 2 2 2 2 2 2 2 2 2)   |
|   9 (2 2 2 2 2 2 2 2 2 2 2 2 2 2)   |
|  10 (2 2 2 2 2 2 2 2 2 2 2 2 2 2)   |
|  11 (2 2 2 2 2 2 2 2 2 2 2 2 2 2)   |
|  12 (2 2 2 2 2 2 2 2 2 2 2 2 2 2)   |
|  13 (2 2 2 2 2 2 2 2 2 2 2 2 2 2)   |
|  14 (2 2 2 2 2 2 2 2 2 2 2 2 2 2)   |
|_____________________________________|

 _____________________________________
|                                     |
|      A B C D E F G H I J K L M N    |
|   1 (1 0 1 0 1 0 1 2 2 2 2 2 2 2)   |
|   2 (0 1 0 1 0 1 0 2 2 2 2 2 2 2)   |
|   3 (0 0 0 0 0 0 0 2 2 2 2 2 2 2)   |
|   4 (0 0 0 0 0 0 0 2 2 2 2 2 2 2)   |
|   5 (0 0 0 0 0 0 0 2 2 2 2 2 2 2)   |
|   6 (0 0 0 0 0 0 0 2 2 2 2 2 2 2)   |
|   7 (0 0 0 0 0 0 0 2 2 2 2 2 2 2)   |
|   8 (2 2 2 2 2 2 2 2 2 2 2 2 2 2)   |
|   9 (2 2 2 2 2 2 2 2 2 2 2 2 2 2)   |
|  10 (2 2 2 2 2 2 2 2 2 2 2 2 2 2)   |
|  11 (2 2 2 2 2 2 2 2 2 2 2 2 2 2)   |
|  12 (2 2 2 2 2 2 2 2 2 2 2 2 2 2)   |
|  13 (2 2 2 2 2 2 2 2 2 2 2 2 2 2)   |
|  14 (2 2 2 2 2 2 2 2 2 2 2 2 2 2)   |
|_____________________________________|

 _____________________________________
|                                     |
|      A B C D E F G H I J K L M N    |
|   1 (1 0 1 0 1 0 1 2 2 2 2 2 2 2)   |
|   2 (0 1 0 1 0 1 0 2 2 2 2 2 2 2)   |
|   3 (1 0 0 0 0 0 0 2 2 2 2 2 2 2)   |
|   4 (0 0 0 0 0 0 0 2 2 2 2 2 2 2)   |
|   5 (0 0 0 0 0 0 0 2 2 2 2 2 2 2)   |
|   6 (0 0 0 0 0 0 0 2 2 2 2 2 2 2)   |
|   7 (0 0 0 0 0 0 0 2 2 2 2 2 2 2)   |
|   8 (2 2 2 2 2 2 2 2 2 2 2 2 2 2)   |
|   9 (2 2 2 2 2 2 2 2 2 2 2 2 2 2)   |
|  10 (2 2 2 2 2 2 2 2 2 2 2 2 2 2)   |
|  11 (2 2 2 2 2 2 2 2 2 2 2 2 2 2)   |
|  12 (2 2 2 2 2 2 2 2 2 2 2 2 2 2)   |
|  13 (2 2 2 2 2 2 2 2 2 2 2 2 2 2)   |
|  14 (2 2 2 2 2 2 2 2 2 2 2 2 2 2)   |
|_____________________________________|

 _____________________________________
|                                     |
|      A B C D E F G H I J K L M N    |
|   1 (1 0 1 0 1 0 1 2 2 2 2 2 2 2)   |
|   2 (0 1 0 1 0 1 0 2 2 2 2 2 2 2)   |
|   3 (1 0 1 0 0 0 0 2 2 2 2 2 2 2)   |
|   4 (0 0 0 0 0 0 0 2 2 2 2 2 2 2)   |
|   5 (0 0 0 0 0 0 0 2 2 2 2 2 2 2)   |
|   6 (0 0 0 0 0 0 0 2 2 2 2 2 2 2)   |
|   7 (0 0 0 0 0 0 0 2 2 2 2 2 2 2)   |
|   8 (2 2 2 2 2 2 2 2 2 2 2 2 2 2)   |
|   9 (2 2 2 2 2 2 2 2 2 2 2 2 2 2)   |
|  10 (2 2 2 2 2 2 2 2 2 2 2 2 2 2)   |
|  11 (2 2 2 2 2 2 2 2 2 2 2 2 2 2)   |
|  12 (2 2 2 2 2 2 2 2 2 2 2 2 2 2)   |
|  13 (2 2 2 2 2 2 2 2 2 2 2 2 2 2)   |
|  14 (2 2 2 2 2 2 2 2 2 2 2 2 2 2)   |
|_____________________________________|

 _____________________________________
|                                     |
|      A B C D E F G H I J K L M N    |
|   1 (1 0 1 0 1 0 1 2 2 2 2 2 2 2)   |
|   2 (0 1 0 1 0 1 0 2 2 2 2 2 2 2)   |
|   3 (1 0 1 0 1 0 0 2 2 2 2 2 2 2)   |
|   4 (0 0 0 0 0 0 0 2 2 2 2 2 2 2)   |
|   5 (0 0 0 0 0 0 0 2 2 2 2 2 2 2)   |
|   6 (0 0 0 0 0 0 0 2 2 2 2 2 2 2)   |
|   7 (0 0 0 0 0 0 0 2 2 2 2 2 2 2)   |
|   8 (2 2 2 2 2 2 2 2 2 2 2 2 2 2)   |
|   9 (2 2 2 2 2 2 2 2 2 2 2 2 2 2)   |
|  10 (2 2 2 2 2 2 2 2 2 2 2 2 2 2)   |
|  11 (2 2 2 2 2 2 2 2 2 2 2 2 2 2)   |
|  12 (2 2 2 2 2 2 2 2 2 2 2 2 2 2)   |
|  13 (2 2 2 2 2 2 2 2 2 2 2 2 2 2)   |
|  14 (2 2 2 2 2 2 2 2 2 2 2 2 2 2)   |
|_____________________________________|

 _____________________________________
|                                     |
|      A B C D E F G H I J K L M N    |
|   1 (1 0 1 0 1 0 1 2 2 2 2 2 2 2)   |
|   2 (0 1 0 1 0 1 0 2 2 2 2 2 2 2)   |
|   3 (1 0 1 0 1 0 0 2 2 2 2 2 2 2)   |
|   4 (0 0 0 0 0 1 1 2 2 2 2 2 2 2)   |
|   5 (0 0 0 0 0 1 1 2 2 2 2 2 2 2)   |
|   6 (0 0 0 0 0 0 0 2 2 2 2 2 2 2)   |
|   7 (0 0 0 0 0 0 0 2 2 2 2 2 2 2)   |
|   8 (2 2 2 2 2 2 2 2 2 2 2 2 2 2)   |
|   9 (2 2 2 2 2 2 2 2 2 2 2 2 2 2)   |
|  10 (2 2 2 2 2 2 2 2 2 2 2 2 2 2)   |
|  11 (2 2 2 2 2 2 2 2 2 2 2 2 2 2)   |
|  12 (2 2 2 2 2 2 2 2 2 2 2 2 2 2)   |
|  13 (2 2 2 2 2 2 2 2 2 2 2 2 2 2)   |
|  14 (2 2 2 2 2 2 2 2 2 2 2 2 2 2)   |
|_____________________________________|

 _____________________________________
|                                     |
|      A B C D E F G H I J K L M N    |
|   1 (1 0 1 0 1 0 1 2 2 2 2 2 2 2)   |
|   2 (0 1 0 1 0 1 0 2 2 2 2 2 2 2)   |
|   3 (1 0 1 0 1 0 0 2 2 2 2 2 2 2)   |
|   4 (0 0 0 0 0 1 1 2 2 2 2 2 2 2)   |
|   5 (0 0 0 0 0 1 1 2 2 2 2 2 2 2)   |
|   6 (0 0 0 1 1 0 0 2 2 2 2 2 2 2)   |
|   7 (0 0 0 1 1 0 0 2 2 2 2 2 2 2)   |
|   8 (2 2 2 2 2 2 2 2 2 2 2 2 2 2)   |
|   9 (2 2 2 2 2 2 2 2 2 2 2 2 2 2)   |
|  10 (2 2 2 2 2 2 2 2 2 2 2 2 2 2)   |
|  11 (2 2 2 2 2 2 2 2 2 2 2 2 2 2)   |
|  12 (2 2 2 2 2 2 2 2 2 2 2 2 2 2)   |
|  13 (2 2 2 2 2 2 2 2 2 2 2 2 2 2)   |
|  14 (2 2 2 2 2 2 2 2 2 2 2 2 2 2)   |
|_____________________________________|

 _____________________________________
|                                     |
|      A B C D E F G H I J K L M N    |
|   1 (1 0 1 0 1 0 1 2 2 2 2 2 2 2)   |
|   2 (0 1 0 1 0 1 0 2 2 2 2 2 2 2)   |
|   3 (1 0 1 0 1 0 0 2 2 2 2 2 2 2)   |
|   4 (0 0 0 0 0 1 1 2 2 2 2 2 2 2)   |
|   5 (0 1 1 0 0 1 1 2 2 2 2 2 2 2)   |
|   6 (1 1 0 1 1 0 0 2 2 2 2 2 2 2)   |
|   7 (0 0 0 1 1 0 0 2 2 2 2 2 2 2)   |
|   8 (2 2 2 2 2 2 2 2 2 2 2 2 2 2)   |
|   9 (2 2 2 2 2 2 2 2 2 2 2 2 2 2)   |
|  10 (2 2 2 2 2 2 2 2 2 2 2 2 2 2)   |
|  11 (2 2 2 2 2 2 2 2 2 2 2 2 2 2)   |
|  12 (2 2 2 2 2 2 2 2 2 2 2 2 2 2)   |
|  13 (2 2 2 2 2 2 2 2 2 2 2 2 2 2)   |
|  14 (2 2 2 2 2 2 2 2 2 2 2 2 2 2)   |
|_____________________________________|


| Resolução do Tabuleiro C |
Algoritmo: Depth-First Search (Profundidade)
Número de nós gerados > 117
Número de nós expandidos > 101
Penetrância > 0.12820514
Profundidade escolhida > 100
Tempo de Execução > 16 ms
Caminho até ao fim do jogo:

 _____________________________________
|                                     |
|      A B C D E F G H I J K L M N    |
|   1 (0 0 2 0 0 0 0 0 0 2 2 2 2 2)   |
|   2 (0 0 0 2 0 0 0 0 0 2 2 2 2 2)   |
|   3 (0 0 0 0 2 0 0 0 0 2 2 2 2 2)   |
|   4 (0 0 0 0 0 2 0 0 0 2 2 2 2 2)   |
|   5 (0 0 0 0 0 0 2 0 0 2 2 2 2 2)   |
|   6 (0 0 0 0 0 0 0 2 0 2 2 2 2 2)   |
|   7 (0 0 0 0 0 0 0 0 2 2 2 2 2 2)   |
|   8 (0 0 0 0 0 0 0 0 0 2 2 2 2 2)   |
|   9 (0 0 0 0 0 0 0 0 0 2 2 2 2 2)   |
|  10 (2 2 2 2 2 2 2 2 2 2 2 2 2 2)   |
|  11 (2 2 2 2 2 2 2 2 2 2 2 2 2 2)   |
|  12 (2 2 2 2 2 2 2 2 2 2 2 2 2 2)   |
|  13 (2 2 2 2 2 2 2 2 2 2 2 2 2 2)   |
|  14 (2 2 2 2 2 2 2 2 2 2 2 2 2 2)   |
|_____________________________________|

 _____________________________________
|                                     |
|      A B C D E F G H I J K L M N    |
|   1 (1 0 2 0 0 0 0 0 0 2 2 2 2 2)   |
|   2 (0 0 0 2 0 0 0 0 0 2 2 2 2 2)   |
|   3 (0 0 0 0 2 0 0 0 0 2 2 2 2 2)   |
|   4 (0 0 0 0 0 2 0 0 0 2 2 2 2 2)   |
|   5 (0 0 0 0 0 0 2 0 0 2 2 2 2 2)   |
|   6 (0 0 0 0 0 0 0 2 0 2 2 2 2 2)   |
|   7 (0 0 0 0 0 0 0 0 2 2 2 2 2 2)   |
|   8 (0 0 0 0 0 0 0 0 0 2 2 2 2 2)   |
|   9 (0 0 0 0 0 0 0 0 0 2 2 2 2 2)   |
|  10 (2 2 2 2 2 2 2 2 2 2 2 2 2 2)   |
|  11 (2 2 2 2 2 2 2 2 2 2 2 2 2 2)   |
|  12 (2 2 2 2 2 2 2 2 2 2 2 2 2 2)   |
|  13 (2 2 2 2 2 2 2 2 2 2 2 2 2 2)   |
|  14 (2 2 2 2 2 2 2 2 2 2 2 2 2 2)   |
|_____________________________________|

 _____________________________________
|                                     |
|      A B C D E F G H I J K L M N    |
|   1 (1 0 2 0 0 0 0 0 0 2 2 2 2 2)   |
|   2 (0 1 0 2 0 0 0 0 0 2 2 2 2 2)   |
|   3 (0 0 0 0 2 0 0 0 0 2 2 2 2 2)   |
|   4 (0 0 0 0 0 2 0 0 0 2 2 2 2 2)   |
|   5 (0 0 0 0 0 0 2 0 0 2 2 2 2 2)   |
|   6 (0 0 0 0 0 0 0 2 0 2 2 2 2 2)   |
|   7 (0 0 0 0 0 0 0 0 2 2 2 2 2 2)   |
|   8 (0 0 0 0 0 0 0 0 0 2 2 2 2 2)   |
|   9 (0 0 0 0 0 0 0 0 0 2 2 2 2 2)   |
|  10 (2 2 2 2 2 2 2 2 2 2 2 2 2 2)   |
|  11 (2 2 2 2 2 2 2 2 2 2 2 2 2 2)   |
|  12 (2 2 2 2 2 2 2 2 2 2 2 2 2 2)   |
|  13 (2 2 2 2 2 2 2 2 2 2 2 2 2 2)   |
|  14 (2 2 2 2 2 2 2 2 2 2 2 2 2 2)   |
|_____________________________________|

 _____________________________________
|                                     |
|      A B C D E F G H I J K L M N    |
|   1 (1 0 2 0 0 0 0 0 0 2 2 2 2 2)   |
|   2 (0 1 0 2 0 0 0 0 0 2 2 2 2 2)   |
|   3 (1 0 0 0 2 0 0 0 0 2 2 2 2 2)   |
|   4 (0 0 0 0 0 2 0 0 0 2 2 2 2 2)   |
|   5 (0 0 0 0 0 0 2 0 0 2 2 2 2 2)   |
|   6 (0 0 0 0 0 0 0 2 0 2 2 2 2 2)   |
|   7 (0 0 0 0 0 0 0 0 2 2 2 2 2 2)   |
|   8 (0 0 0 0 0 0 0 0 0 2 2 2 2 2)   |
|   9 (0 0 0 0 0 0 0 0 0 2 2 2 2 2)   |
|  10 (2 2 2 2 2 2 2 2 2 2 2 2 2 2)   |
|  11 (2 2 2 2 2 2 2 2 2 2 2 2 2 2)   |
|  12 (2 2 2 2 2 2 2 2 2 2 2 2 2 2)   |
|  13 (2 2 2 2 2 2 2 2 2 2 2 2 2 2)   |
|  14 (2 2 2 2 2 2 2 2 2 2 2 2 2 2)   |
|_____________________________________|

 _____________________________________
|                                     |
|      A B C D E F G H I J K L M N    |
|   1 (1 0 2 0 0 0 0 0 0 2 2 2 2 2)   |
|   2 (0 1 0 2 0 0 0 0 0 2 2 2 2 2)   |
|   3 (1 0 1 0 2 0 0 0 0 2 2 2 2 2)   |
|   4 (0 0 0 0 0 2 0 0 0 2 2 2 2 2)   |
|   5 (0 0 0 0 0 0 2 0 0 2 2 2 2 2)   |
|   6 (0 0 0 0 0 0 0 2 0 2 2 2 2 2)   |
|   7 (0 0 0 0 0 0 0 0 2 2 2 2 2 2)   |
|   8 (0 0 0 0 0 0 0 0 0 2 2 2 2 2)   |
|   9 (0 0 0 0 0 0 0 0 0 2 2 2 2 2)   |
|  10 (2 2 2 2 2 2 2 2 2 2 2 2 2 2)   |
|  11 (2 2 2 2 2 2 2 2 2 2 2 2 2 2)   |
|  12 (2 2 2 2 2 2 2 2 2 2 2 2 2 2)   |
|  13 (2 2 2 2 2 2 2 2 2 2 2 2 2 2)   |
|  14 (2 2 2 2 2 2 2 2 2 2 2 2 2 2)   |
|_____________________________________|

 _____________________________________
|                                     |
|      A B C D E F G H I J K L M N    |
|   1 (1 0 2 0 0 0 0 0 0 2 2 2 2 2)   |
|   2 (0 1 0 2 0 0 0 0 0 2 2 2 2 2)   |
|   3 (1 0 1 0 2 0 0 0 0 2 2 2 2 2)   |
|   4 (0 1 0 0 0 2 0 0 0 2 2 2 2 2)   |
|   5 (0 0 0 0 0 0 2 0 0 2 2 2 2 2)   |
|   6 (0 0 0 0 0 0 0 2 0 2 2 2 2 2)   |
|   7 (0 0 0 0 0 0 0 0 2 2 2 2 2 2)   |
|   8 (0 0 0 0 0 0 0 0 0 2 2 2 2 2)   |
|   9 (0 0 0 0 0 0 0 0 0 2 2 2 2 2)   |
|  10 (2 2 2 2 2 2 2 2 2 2 2 2 2 2)   |
|  11 (2 2 2 2 2 2 2 2 2 2 2 2 2 2)   |
|  12 (2 2 2 2 2 2 2 2 2 2 2 2 2 2)   |
|  13 (2 2 2 2 2 2 2 2 2 2 2 2 2 2)   |
|  14 (2 2 2 2 2 2 2 2 2 2 2 2 2 2)   |
|_____________________________________|

 _____________________________________
|                                     |
|      A B C D E F G H I J K L M N    |
|   1 (1 0 2 0 0 0 0 0 0 2 2 2 2 2)   |
|   2 (0 1 0 2 0 0 0 0 0 2 2 2 2 2)   |
|   3 (1 0 1 0 2 0 0 0 0 2 2 2 2 2)   |
|   4 (0 1 0 1 0 2 0 0 0 2 2 2 2 2)   |
|   5 (0 0 0 0 0 0 2 0 0 2 2 2 2 2)   |
|   6 (0 0 0 0 0 0 0 2 0 2 2 2 2 2)   |
|   7 (0 0 0 0 0 0 0 0 2 2 2 2 2 2)   |
|   8 (0 0 0 0 0 0 0 0 0 2 2 2 2 2)   |
|   9 (0 0 0 0 0 0 0 0 0 2 2 2 2 2)   |
|  10 (2 2 2 2 2 2 2 2 2 2 2 2 2 2)   |
|  11 (2 2 2 2 2 2 2 2 2 2 2 2 2 2)   |
|  12 (2 2 2 2 2 2 2 2 2 2 2 2 2 2)   |
|  13 (2 2 2 2 2 2 2 2 2 2 2 2 2 2)   |
|  14 (2 2 2 2 2 2 2 2 2 2 2 2 2 2)   |
|_____________________________________|

 _____________________________________
|                                     |
|      A B C D E F G H I J K L M N    |
|   1 (1 0 2 0 0 0 0 0 0 2 2 2 2 2)   |
|   2 (0 1 0 2 0 0 0 0 0 2 2 2 2 2)   |
|   3 (1 0 1 0 2 0 0 0 0 2 2 2 2 2)   |
|   4 (0 1 0 1 0 2 0 0 0 2 2 2 2 2)   |
|   5 (1 0 0 0 0 0 2 0 0 2 2 2 2 2)   |
|   6 (0 0 0 0 0 0 0 2 0 2 2 2 2 2)   |
|   7 (0 0 0 0 0 0 0 0 2 2 2 2 2 2)   |
|   8 (0 0 0 0 0 0 0 0 0 2 2 2 2 2)   |
|   9 (0 0 0 0 0 0 0 0 0 2 2 2 2 2)   |
|  10 (2 2 2 2 2 2 2 2 2 2 2 2 2 2)   |
|  11 (2 2 2 2 2 2 2 2 2 2 2 2 2 2)   |
|  12 (2 2 2 2 2 2 2 2 2 2 2 2 2 2)   |
|  13 (2 2 2 2 2 2 2 2 2 2 2 2 2 2)   |
|  14 (2 2 2 2 2 2 2 2 2 2 2 2 2 2)   |
|_____________________________________|

 _____________________________________
|                                     |
|      A B C D E F G H I J K L M N    |
|   1 (1 0 2 0 0 0 0 0 0 2 2 2 2 2)   |
|   2 (0 1 0 2 0 0 0 0 0 2 2 2 2 2)   |
|   3 (1 0 1 0 2 0 0 0 0 2 2 2 2 2)   |
|   4 (0 1 0 1 0 2 0 0 0 2 2 2 2 2)   |
|   5 (1 0 1 0 0 0 2 0 0 2 2 2 2 2)   |
|   6 (0 0 0 0 0 0 0 2 0 2 2 2 2 2)   |
|   7 (0 0 0 0 0 0 0 0 2 2 2 2 2 2)   |
|   8 (0 0 0 0 0 0 0 0 0 2 2 2 2 2)   |
|   9 (0 0 0 0 0 0 0 0 0 2 2 2 2 2)   |
|  10 (2 2 2 2 2 2 2 2 2 2 2 2 2 2)   |
|  11 (2 2 2 2 2 2 2 2 2 2 2 2 2 2)   |
|  12 (2 2 2 2 2 2 2 2 2 2 2 2 2 2)   |
|  13 (2 2 2 2 2 2 2 2 2 2 2 2 2 2)   |
|  14 (2 2 2 2 2 2 2 2 2 2 2 2 2 2)   |
|_____________________________________|

 _____________________________________
|                                     |
|      A B C D E F G H I J K L M N    |
|   1 (1 0 2 0 0 0 0 0 0 2 2 2 2 2)   |
|   2 (0 1 0 2 0 0 0 0 0 2 2 2 2 2)   |
|   3 (1 0 1 0 2 0 0 0 0 2 2 2 2 2)   |
|   4 (0 1 0 1 0 2 0 0 0 2 2 2 2 2)   |
|   5 (1 0 1 0 1 0 2 0 0 2 2 2 2 2)   |
|   6 (0 0 0 0 0 0 0 2 0 2 2 2 2 2)   |
|   7 (0 0 0 0 0 0 0 0 2 2 2 2 2 2)   |
|   8 (0 0 0 0 0 0 0 0 0 2 2 2 2 2)   |
|   9 (0 0 0 0 0 0 0 0 0 2 2 2 2 2)   |
|  10 (2 2 2 2 2 2 2 2 2 2 2 2 2 2)   |
|  11 (2 2 2 2 2 2 2 2 2 2 2 2 2 2)   |
|  12 (2 2 2 2 2 2 2 2 2 2 2 2 2 2)   |
|  13 (2 2 2 2 2 2 2 2 2 2 2 2 2 2)   |
|  14 (2 2 2 2 2 2 2 2 2 2 2 2 2 2)   |
|_____________________________________|

 _____________________________________
|                                     |
|      A B C D E F G H I J K L M N    |
|   1 (1 0 2 0 0 0 0 0 0 2 2 2 2 2)   |
|   2 (0 1 0 2 0 0 0 0 0 2 2 2 2 2)   |
|   3 (1 0 1 0 2 0 0 0 0 2 2 2 2 2)   |
|   4 (0 1 0 1 0 2 0 0 0 2 2 2 2 2)   |
|   5 (1 0 1 0 1 0 2 0 0 2 2 2 2 2)   |
|   6 (0 1 0 0 0 0 0 2 0 2 2 2 2 2)   |
|   7 (0 0 0 0 0 0 0 0 2 2 2 2 2 2)   |
|   8 (0 0 0 0 0 0 0 0 0 2 2 2 2 2)   |
|   9 (0 0 0 0 0 0 0 0 0 2 2 2 2 2)   |
|  10 (2 2 2 2 2 2 2 2 2 2 2 2 2 2)   |
|  11 (2 2 2 2 2 2 2 2 2 2 2 2 2 2)   |
|  12 (2 2 2 2 2 2 2 2 2 2 2 2 2 2)   |
|  13 (2 2 2 2 2 2 2 2 2 2 2 2 2 2)   |
|  14 (2 2 2 2 2 2 2 2 2 2 2 2 2 2)   |
|_____________________________________|

 _____________________________________
|                                     |
|      A B C D E F G H I J K L M N    |
|   1 (1 0 2 0 0 0 0 0 0 2 2 2 2 2)   |
|   2 (0 1 0 2 0 0 0 0 0 2 2 2 2 2)   |
|   3 (1 0 1 0 2 0 0 0 0 2 2 2 2 2)   |
|   4 (0 1 0 1 0 2 0 0 0 2 2 2 2 2)   |
|   5 (1 0 1 0 1 0 2 0 0 2 2 2 2 2)   |
|   6 (0 1 0 0 0 1 1 2 0 2 2 2 2 2)   |
|   7 (0 0 0 0 0 1 1 0 2 2 2 2 2 2)   |
|   8 (0 0 0 0 0 0 0 0 0 2 2 2 2 2)   |
|   9 (0 0 0 0 0 0 0 0 0 2 2 2 2 2)   |
|  10 (2 2 2 2 2 2 2 2 2 2 2 2 2 2)   |
|  11 (2 2 2 2 2 2 2 2 2 2 2 2 2 2)   |
|  12 (2 2 2 2 2 2 2 2 2 2 2 2 2 2)   |
|  13 (2 2 2 2 2 2 2 2 2 2 2 2 2 2)   |
|  14 (2 2 2 2 2 2 2 2 2 2 2 2 2 2)   |
|_____________________________________|

 _____________________________________
|                                     |
|      A B C D E F G H I J K L M N    |
|   1 (1 0 2 0 0 0 0 0 0 2 2 2 2 2)   |
|   2 (0 1 0 2 0 0 0 0 0 2 2 2 2 2)   |
|   3 (1 0 1 0 2 0 0 0 0 2 2 2 2 2)   |
|   4 (0 1 0 1 0 2 0 1 1 2 2 2 2 2)   |
|   5 (1 0 1 0 1 0 2 1 1 2 2 2 2 2)   |
|   6 (0 1 0 0 0 1 1 2 0 2 2 2 2 2)   |
|   7 (0 0 0 0 0 1 1 0 2 2 2 2 2 2)   |
|   8 (0 0 0 0 0 0 0 0 0 2 2 2 2 2)   |
|   9 (0 0 0 0 0 0 0 0 0 2 2 2 2 2)   |
|  10 (2 2 2 2 2 2 2 2 2 2 2 2 2 2)   |
|  11 (2 2 2 2 2 2 2 2 2 2 2 2 2 2)   |
|  12 (2 2 2 2 2 2 2 2 2 2 2 2 2 2)   |
|  13 (2 2 2 2 2 2 2 2 2 2 2 2 2 2)   |
|  14 (2 2 2 2 2 2 2 2 2 2 2 2 2 2)   |
|_____________________________________|

 _____________________________________
|                                     |
|      A B C D E F G H I J K L M N    |
|   1 (1 0 2 0 0 0 0 0 0 2 2 2 2 2)   |
|   2 (0 1 0 2 0 1 1 0 0 2 2 2 2 2)   |
|   3 (1 0 1 0 2 1 1 0 0 2 2 2 2 2)   |
|   4 (0 1 0 1 0 2 0 1 1 2 2 2 2 2)   |
|   5 (1 0 1 0 1 0 2 1 1 2 2 2 2 2)   |
|   6 (0 1 0 0 0 1 1 2 0 2 2 2 2 2)   |
|   7 (0 0 0 0 0 1 1 0 2 2 2 2 2 2)   |
|   8 (0 0 0 0 0 0 0 0 0 2 2 2 2 2)   |
|   9 (0 0 0 0 0 0 0 0 0 2 2 2 2 2)   |
|  10 (2 2 2 2 2 2 2 2 2 2 2 2 2 2)   |
|  11 (2 2 2 2 2 2 2 2 2 2 2 2 2 2)   |
|  12 (2 2 2 2 2 2 2 2 2 2 2 2 2 2)   |
|  13 (2 2 2 2 2 2 2 2 2 2 2 2 2 2)   |
|  14 (2 2 2 2 2 2 2 2 2 2 2 2 2 2)   |
|_____________________________________|

 _____________________________________
|                                     |
|      A B C D E F G H I J K L M N    |
|   1 (1 0 2 0 0 0 0 0 0 2 2 2 2 2)   |
|   2 (0 1 0 2 0 1 1 0 0 2 2 2 2 2)   |
|   3 (1 0 1 0 2 1 1 0 0 2 2 2 2 2)   |
|   4 (0 1 0 1 0 2 0 1 1 2 2 2 2 2)   |
|   5 (1 0 1 0 1 0 2 1 1 2 2 2 2 2)   |
|   6 (0 1 0 0 0 1 1 2 0 2 2 2 2 2)   |
|   7 (0 0 1 1 0 1 1 0 2 2 2 2 2 2)   |
|   8 (0 0 1 1 0 0 0 0 0 2 2 2 2 2)   |
|   9 (0 0 0 0 0 0 0 0 0 2 2 2 2 2)   |
|  10 (2 2 2 2 2 2 2 2 2 2 2 2 2 2)   |
|  11 (2 2 2 2 2 2 2 2 2 2 2 2 2 2)   |
|  12 (2 2 2 2 2 2 2 2 2 2 2 2 2 2)   |
|  13 (2 2 2 2 2 2 2 2 2 2 2 2 2 2)   |
|  14 (2 2 2 2 2 2 2 2 2 2 2 2 2 2)   |
|_____________________________________|

 _____________________________________
|                                     |
|      A B C D E F G H I J K L M N    |
|   1 (1 0 2 0 0 0 0 0 0 2 2 2 2 2)   |
|   2 (0 1 0 2 0 1 1 0 0 2 2 2 2 2)   |
|   3 (1 0 1 0 2 1 1 0 0 2 2 2 2 2)   |
|   4 (0 1 0 1 0 2 0 1 1 2 2 2 2 2)   |
|   5 (1 0 1 0 1 0 2 1 1 2 2 2 2 2)   |
|   6 (0 1 0 0 0 1 1 2 0 2 2 2 2 2)   |
|   7 (0 0 1 1 0 1 1 0 2 2 2 2 2 2)   |
|   8 (0 0 1 1 0 0 0 1 1 2 2 2 2 2)   |
|   9 (0 0 0 0 0 0 0 1 1 2 2 2 2 2)   |
|  10 (2 2 2 2 2 2 2 2 2 2 2 2 2 2)   |
|  11 (2 2 2 2 2 2 2 2 2 2 2 2 2 2)   |
|  12 (2 2 2 2 2 2 2 2 2 2 2 2 2 2)   |
|  13 (2 2 2 2 2 2 2 2 2 2 2 2 2 2)   |
|  14 (2 2 2 2 2 2 2 2 2 2 2 2 2 2)   |
|_____________________________________|


| Resolução do Tabuleiro D |
Algoritmo: Depth-First Search (Profundidade)
Número de nós gerados > 164
Número de nós expandidos > 146
Penetrância > .103658535
Profundidade escolhida > 100
Tempo de Execução > 16 ms
Caminho até ao fim do jogo:

 _____________________________________
|                                     |
|      A B C D E F G H I J K L M N    |
|   1 (0 0 0 0 0 0 0 0 0 0 0 0 0 0)   |
|   2 (0 0 0 0 0 0 0 0 0 0 0 0 0 0)   |
|   3 (0 0 0 0 0 0 0 0 0 0 0 0 0 0)   |
|   4 (0 0 0 0 0 0 0 0 0 0 0 0 0 0)   |
|   5 (0 0 0 0 0 0 0 0 0 0 0 0 0 0)   |
|   6 (0 0 0 0 0 0 0 0 0 0 0 0 0 0)   |
|   7 (0 0 0 0 0 0 0 0 0 0 0 0 0 0)   |
|   8 (2 2 2 2 2 2 2 2 2 2 2 2 2 2)   |
|   9 (2 2 2 2 2 2 2 2 2 2 2 2 2 2)   |
|  10 (2 2 2 2 2 2 2 2 2 2 2 2 2 2)   |
|  11 (2 2 2 2 2 2 2 2 2 2 2 2 2 2)   |
|  12 (2 2 2 2 2 2 2 2 2 2 2 2 2 2)   |
|  13 (2 2 2 2 2 2 2 2 2 2 2 2 2 2)   |
|  14 (2 2 2 2 2 2 2 2 2 2 2 2 2 2)   |
|_____________________________________|

 _____________________________________
|                                     |
|      A B C D E F G H I J K L M N    |
|   1 (1 0 0 0 0 0 0 0 0 0 0 0 0 0)   |
|   2 (0 0 0 0 0 0 0 0 0 0 0 0 0 0)   |
|   3 (0 0 0 0 0 0 0 0 0 0 0 0 0 0)   |
|   4 (0 0 0 0 0 0 0 0 0 0 0 0 0 0)   |
|   5 (0 0 0 0 0 0 0 0 0 0 0 0 0 0)   |
|   6 (0 0 0 0 0 0 0 0 0 0 0 0 0 0)   |
|   7 (0 0 0 0 0 0 0 0 0 0 0 0 0 0)   |
|   8 (2 2 2 2 2 2 2 2 2 2 2 2 2 2)   |
|   9 (2 2 2 2 2 2 2 2 2 2 2 2 2 2)   |
|  10 (2 2 2 2 2 2 2 2 2 2 2 2 2 2)   |
|  11 (2 2 2 2 2 2 2 2 2 2 2 2 2 2)   |
|  12 (2 2 2 2 2 2 2 2 2 2 2 2 2 2)   |
|  13 (2 2 2 2 2 2 2 2 2 2 2 2 2 2)   |
|  14 (2 2 2 2 2 2 2 2 2 2 2 2 2 2)   |
|_____________________________________|

 _____________________________________
|                                     |
|      A B C D E F G H I J K L M N    |
|   1 (1 0 0 0 0 0 0 0 0 0 0 0 0 0)   |
|   2 (0 1 0 0 0 0 0 0 0 0 0 0 0 0)   |
|   3 (0 0 0 0 0 0 0 0 0 0 0 0 0 0)   |
|   4 (0 0 0 0 0 0 0 0 0 0 0 0 0 0)   |
|   5 (0 0 0 0 0 0 0 0 0 0 0 0 0 0)   |
|   6 (0 0 0 0 0 0 0 0 0 0 0 0 0 0)   |
|   7 (0 0 0 0 0 0 0 0 0 0 0 0 0 0)   |
|   8 (2 2 2 2 2 2 2 2 2 2 2 2 2 2)   |
|   9 (2 2 2 2 2 2 2 2 2 2 2 2 2 2)   |
|  10 (2 2 2 2 2 2 2 2 2 2 2 2 2 2)   |
|  11 (2 2 2 2 2 2 2 2 2 2 2 2 2 2)   |
|  12 (2 2 2 2 2 2 2 2 2 2 2 2 2 2)   |
|  13 (2 2 2 2 2 2 2 2 2 2 2 2 2 2)   |
|  14 (2 2 2 2 2 2 2 2 2 2 2 2 2 2)   |
|_____________________________________|

 _____________________________________
|                                     |
|      A B C D E F G H I J K L M N    |
|   1 (1 0 1 0 0 0 0 0 0 0 0 0 0 0)   |
|   2 (0 1 0 0 0 0 0 0 0 0 0 0 0 0)   |
|   3 (0 0 0 0 0 0 0 0 0 0 0 0 0 0)   |
|   4 (0 0 0 0 0 0 0 0 0 0 0 0 0 0)   |
|   5 (0 0 0 0 0 0 0 0 0 0 0 0 0 0)   |
|   6 (0 0 0 0 0 0 0 0 0 0 0 0 0 0)   |
|   7 (0 0 0 0 0 0 0 0 0 0 0 0 0 0)   |
|   8 (2 2 2 2 2 2 2 2 2 2 2 2 2 2)   |
|   9 (2 2 2 2 2 2 2 2 2 2 2 2 2 2)   |
|  10 (2 2 2 2 2 2 2 2 2 2 2 2 2 2)   |
|  11 (2 2 2 2 2 2 2 2 2 2 2 2 2 2)   |
|  12 (2 2 2 2 2 2 2 2 2 2 2 2 2 2)   |
|  13 (2 2 2 2 2 2 2 2 2 2 2 2 2 2)   |
|  14 (2 2 2 2 2 2 2 2 2 2 2 2 2 2)   |
|_____________________________________|

 _____________________________________
|                                     |
|      A B C D E F G H I J K L M N    |
|   1 (1 0 1 0 0 0 0 0 0 0 0 0 0 0)   |
|   2 (0 1 0 1 0 0 0 0 0 0 0 0 0 0)   |
|   3 (0 0 0 0 0 0 0 0 0 0 0 0 0 0)   |
|   4 (0 0 0 0 0 0 0 0 0 0 0 0 0 0)   |
|   5 (0 0 0 0 0 0 0 0 0 0 0 0 0 0)   |
|   6 (0 0 0 0 0 0 0 0 0 0 0 0 0 0)   |
|   7 (0 0 0 0 0 0 0 0 0 0 0 0 0 0)   |
|   8 (2 2 2 2 2 2 2 2 2 2 2 2 2 2)   |
|   9 (2 2 2 2 2 2 2 2 2 2 2 2 2 2)   |
|  10 (2 2 2 2 2 2 2 2 2 2 2 2 2 2)   |
|  11 (2 2 2 2 2 2 2 2 2 2 2 2 2 2)   |
|  12 (2 2 2 2 2 2 2 2 2 2 2 2 2 2)   |
|  13 (2 2 2 2 2 2 2 2 2 2 2 2 2 2)   |
|  14 (2 2 2 2 2 2 2 2 2 2 2 2 2 2)   |
|_____________________________________|

 _____________________________________
|                                     |
|      A B C D E F G H I J K L M N    |
|   1 (1 0 1 0 1 0 0 0 0 0 0 0 0 0)   |
|   2 (0 1 0 1 0 0 0 0 0 0 0 0 0 0)   |
|   3 (0 0 0 0 0 0 0 0 0 0 0 0 0 0)   |
|   4 (0 0 0 0 0 0 0 0 0 0 0 0 0 0)   |
|   5 (0 0 0 0 0 0 0 0 0 0 0 0 0 0)   |
|   6 (0 0 0 0 0 0 0 0 0 0 0 0 0 0)   |
|   7 (0 0 0 0 0 0 0 0 0 0 0 0 0 0)   |
|   8 (2 2 2 2 2 2 2 2 2 2 2 2 2 2)   |
|   9 (2 2 2 2 2 2 2 2 2 2 2 2 2 2)   |
|  10 (2 2 2 2 2 2 2 2 2 2 2 2 2 2)   |
|  11 (2 2 2 2 2 2 2 2 2 2 2 2 2 2)   |
|  12 (2 2 2 2 2 2 2 2 2 2 2 2 2 2)   |
|  13 (2 2 2 2 2 2 2 2 2 2 2 2 2 2)   |
|  14 (2 2 2 2 2 2 2 2 2 2 2 2 2 2)   |
|_____________________________________|

 _____________________________________
|                                     |
|      A B C D E F G H I J K L M N    |
|   1 (1 0 1 0 1 0 0 0 0 0 0 0 0 0)   |
|   2 (0 1 0 1 0 1 0 0 0 0 0 0 0 0)   |
|   3 (0 0 0 0 0 0 0 0 0 0 0 0 0 0)   |
|   4 (0 0 0 0 0 0 0 0 0 0 0 0 0 0)   |
|   5 (0 0 0 0 0 0 0 0 0 0 0 0 0 0)   |
|   6 (0 0 0 0 0 0 0 0 0 0 0 0 0 0)   |
|   7 (0 0 0 0 0 0 0 0 0 0 0 0 0 0)   |
|   8 (2 2 2 2 2 2 2 2 2 2 2 2 2 2)   |
|   9 (2 2 2 2 2 2 2 2 2 2 2 2 2 2)   |
|  10 (2 2 2 2 2 2 2 2 2 2 2 2 2 2)   |
|  11 (2 2 2 2 2 2 2 2 2 2 2 2 2 2)   |
|  12 (2 2 2 2 2 2 2 2 2 2 2 2 2 2)   |
|  13 (2 2 2 2 2 2 2 2 2 2 2 2 2 2)   |
|  14 (2 2 2 2 2 2 2 2 2 2 2 2 2 2)   |
|_____________________________________|

 _____________________________________
|                                     |
|      A B C D E F G H I J K L M N    |
|   1 (1 0 1 0 1 0 1 0 0 0 0 0 0 0)   |
|   2 (0 1 0 1 0 1 0 0 0 0 0 0 0 0)   |
|   3 (0 0 0 0 0 0 0 0 0 0 0 0 0 0)   |
|   4 (0 0 0 0 0 0 0 0 0 0 0 0 0 0)   |
|   5 (0 0 0 0 0 0 0 0 0 0 0 0 0 0)   |
|   6 (0 0 0 0 0 0 0 0 0 0 0 0 0 0)   |
|   7 (0 0 0 0 0 0 0 0 0 0 0 0 0 0)   |
|   8 (2 2 2 2 2 2 2 2 2 2 2 2 2 2)   |
|   9 (2 2 2 2 2 2 2 2 2 2 2 2 2 2)   |
|  10 (2 2 2 2 2 2 2 2 2 2 2 2 2 2)   |
|  11 (2 2 2 2 2 2 2 2 2 2 2 2 2 2)   |
|  12 (2 2 2 2 2 2 2 2 2 2 2 2 2 2)   |
|  13 (2 2 2 2 2 2 2 2 2 2 2 2 2 2)   |
|  14 (2 2 2 2 2 2 2 2 2 2 2 2 2 2)   |
|_____________________________________|

 _____________________________________
|                                     |
|      A B C D E F G H I J K L M N    |
|   1 (1 0 1 0 1 0 1 0 0 0 0 0 0 0)   |
|   2 (0 1 0 1 0 1 0 1 0 0 0 0 0 0)   |
|   3 (0 0 0 0 0 0 0 0 0 0 0 0 0 0)   |
|   4 (0 0 0 0 0 0 0 0 0 0 0 0 0 0)   |
|   5 (0 0 0 0 0 0 0 0 0 0 0 0 0 0)   |
|   6 (0 0 0 0 0 0 0 0 0 0 0 0 0 0)   |
|   7 (0 0 0 0 0 0 0 0 0 0 0 0 0 0)   |
|   8 (2 2 2 2 2 2 2 2 2 2 2 2 2 2)   |
|   9 (2 2 2 2 2 2 2 2 2 2 2 2 2 2)   |
|  10 (2 2 2 2 2 2 2 2 2 2 2 2 2 2)   |
|  11 (2 2 2 2 2 2 2 2 2 2 2 2 2 2)   |
|  12 (2 2 2 2 2 2 2 2 2 2 2 2 2 2)   |
|  13 (2 2 2 2 2 2 2 2 2 2 2 2 2 2)   |
|  14 (2 2 2 2 2 2 2 2 2 2 2 2 2 2)   |
|_____________________________________|

 _____________________________________
|                                     |
|      A B C D E F G H I J K L M N    |
|   1 (1 0 1 0 1 0 1 0 1 0 0 0 0 0)   |
|   2 (0 1 0 1 0 1 0 1 0 0 0 0 0 0)   |
|   3 (0 0 0 0 0 0 0 0 0 0 0 0 0 0)   |
|   4 (0 0 0 0 0 0 0 0 0 0 0 0 0 0)   |
|   5 (0 0 0 0 0 0 0 0 0 0 0 0 0 0)   |
|   6 (0 0 0 0 0 0 0 0 0 0 0 0 0 0)   |
|   7 (0 0 0 0 0 0 0 0 0 0 0 0 0 0)   |
|   8 (2 2 2 2 2 2 2 2 2 2 2 2 2 2)   |
|   9 (2 2 2 2 2 2 2 2 2 2 2 2 2 2)   |
|  10 (2 2 2 2 2 2 2 2 2 2 2 2 2 2)   |
|  11 (2 2 2 2 2 2 2 2 2 2 2 2 2 2)   |
|  12 (2 2 2 2 2 2 2 2 2 2 2 2 2 2)   |
|  13 (2 2 2 2 2 2 2 2 2 2 2 2 2 2)   |
|  14 (2 2 2 2 2 2 2 2 2 2 2 2 2 2)   |
|_____________________________________|

 _____________________________________
|                                     |
|      A B C D E F G H I J K L M N    |
|   1 (1 0 1 0 1 0 1 0 1 0 0 0 0 0)   |
|   2 (0 1 0 1 0 1 0 1 0 1 0 0 0 0)   |
|   3 (0 0 0 0 0 0 0 0 0 0 0 0 0 0)   |
|   4 (0 0 0 0 0 0 0 0 0 0 0 0 0 0)   |
|   5 (0 0 0 0 0 0 0 0 0 0 0 0 0 0)   |
|   6 (0 0 0 0 0 0 0 0 0 0 0 0 0 0)   |
|   7 (0 0 0 0 0 0 0 0 0 0 0 0 0 0)   |
|   8 (2 2 2 2 2 2 2 2 2 2 2 2 2 2)   |
|   9 (2 2 2 2 2 2 2 2 2 2 2 2 2 2)   |
|  10 (2 2 2 2 2 2 2 2 2 2 2 2 2 2)   |
|  11 (2 2 2 2 2 2 2 2 2 2 2 2 2 2)   |
|  12 (2 2 2 2 2 2 2 2 2 2 2 2 2 2)   |
|  13 (2 2 2 2 2 2 2 2 2 2 2 2 2 2)   |
|  14 (2 2 2 2 2 2 2 2 2 2 2 2 2 2)   |
|_____________________________________|

 _____________________________________
|                                     |
|      A B C D E F G H I J K L M N    |
|   1 (1 0 1 0 1 0 1 0 1 0 0 0 0 0)   |
|   2 (0 1 0 1 0 1 0 1 0 1 0 0 0 0)   |
|   3 (0 0 0 0 0 0 0 0 0 0 1 1 0 0)   |
|   4 (0 0 0 0 0 0 0 0 0 0 1 1 0 0)   |
|   5 (0 0 0 0 0 0 0 0 0 0 0 0 0 0)   |
|   6 (0 0 0 0 0 0 0 0 0 0 0 0 0 0)   |
|   7 (0 0 0 0 0 0 0 0 0 0 0 0 0 0)   |
|   8 (2 2 2 2 2 2 2 2 2 2 2 2 2 2)   |
|   9 (2 2 2 2 2 2 2 2 2 2 2 2 2 2)   |
|  10 (2 2 2 2 2 2 2 2 2 2 2 2 2 2)   |
|  11 (2 2 2 2 2 2 2 2 2 2 2 2 2 2)   |
|  12 (2 2 2 2 2 2 2 2 2 2 2 2 2 2)   |
|  13 (2 2 2 2 2 2 2 2 2 2 2 2 2 2)   |
|  14 (2 2 2 2 2 2 2 2 2 2 2 2 2 2)   |
|_____________________________________|

 _____________________________________
|                                     |
|      A B C D E F G H I J K L M N    |
|   1 (1 0 1 0 1 0 1 0 1 0 0 0 1 1)   |
|   2 (0 1 0 1 0 1 0 1 0 1 0 0 1 1)   |
|   3 (0 0 0 0 0 0 0 0 0 0 1 1 0 0)   |
|   4 (0 0 0 0 0 0 0 0 0 0 1 1 0 0)   |
|   5 (0 0 0 0 0 0 0 0 0 0 0 0 0 0)   |
|   6 (0 0 0 0 0 0 0 0 0 0 0 0 0 0)   |
|   7 (0 0 0 0 0 0 0 0 0 0 0 0 0 0)   |
|   8 (2 2 2 2 2 2 2 2 2 2 2 2 2 2)   |
|   9 (2 2 2 2 2 2 2 2 2 2 2 2 2 2)   |
|  10 (2 2 2 2 2 2 2 2 2 2 2 2 2 2)   |
|  11 (2 2 2 2 2 2 2 2 2 2 2 2 2 2)   |
|  12 (2 2 2 2 2 2 2 2 2 2 2 2 2 2)   |
|  13 (2 2 2 2 2 2 2 2 2 2 2 2 2 2)   |
|  14 (2 2 2 2 2 2 2 2 2 2 2 2 2 2)   |
|_____________________________________|

 _____________________________________
|                                     |
|      A B C D E F G H I J K L M N    |
|   1 (1 0 1 0 1 0 1 0 1 0 0 0 1 1)   |
|   2 (0 1 0 1 0 1 0 1 0 1 0 0 1 1)   |
|   3 (0 0 0 0 0 0 0 0 0 0 1 1 0 0)   |
|   4 (0 0 0 0 0 0 0 0 0 0 1 1 0 0)   |
|   5 (0 0 0 0 0 0 0 0 1 1 0 0 0 0)   |
|   6 (0 0 0 0 0 0 0 0 1 1 0 0 0 0)   |
|   7 (0 0 0 0 0 0 0 0 0 0 0 0 0 0)   |
|   8 (2 2 2 2 2 2 2 2 2 2 2 2 2 2)   |
|   9 (2 2 2 2 2 2 2 2 2 2 2 2 2 2)   |
|  10 (2 2 2 2 2 2 2 2 2 2 2 2 2 2)   |
|  11 (2 2 2 2 2 2 2 2 2 2 2 2 2 2)   |
|  12 (2 2 2 2 2 2 2 2 2 2 2 2 2 2)   |
|  13 (2 2 2 2 2 2 2 2 2 2 2 2 2 2)   |
|  14 (2 2 2 2 2 2 2 2 2 2 2 2 2 2)   |
|_____________________________________|

 _____________________________________
|                                     |
|      A B C D E F G H I J K L M N    |
|   1 (1 0 1 0 1 0 1 0 1 0 0 0 1 1)   |
|   2 (0 1 0 1 0 1 0 1 0 1 0 0 1 1)   |
|   3 (0 0 0 0 0 0 0 0 0 0 1 1 0 0)   |
|   4 (0 0 0 0 0 0 0 0 0 0 1 1 0 0)   |
|   5 (0 0 0 0 0 0 0 0 1 1 0 0 1 1)   |
|   6 (0 0 0 0 0 0 0 0 1 1 0 0 1 1)   |
|   7 (0 0 0 0 0 0 0 0 0 0 0 0 0 0)   |
|   8 (2 2 2 2 2 2 2 2 2 2 2 2 2 2)   |
|   9 (2 2 2 2 2 2 2 2 2 2 2 2 2 2)   |
|  10 (2 2 2 2 2 2 2 2 2 2 2 2 2 2)   |
|  11 (2 2 2 2 2 2 2 2 2 2 2 2 2 2)   |
|  12 (2 2 2 2 2 2 2 2 2 2 2 2 2 2)   |
|  13 (2 2 2 2 2 2 2 2 2 2 2 2 2 2)   |
|  14 (2 2 2 2 2 2 2 2 2 2 2 2 2 2)   |
|_____________________________________|

 _____________________________________
|                                     |
|      A B C D E F G H I J K L M N    |
|   1 (1 0 1 0 1 0 1 0 1 0 0 0 1 1)   |
|   2 (0 1 0 1 0 1 0 1 0 1 0 0 1 1)   |
|   3 (0 0 0 0 0 0 0 0 0 0 1 1 0 0)   |
|   4 (0 0 0 0 0 0 1 1 0 0 1 1 0 0)   |
|   5 (0 0 0 0 0 1 1 0 1 1 0 0 1 1)   |
|   6 (0 0 0 0 0 0 0 0 1 1 0 0 1 1)   |
|   7 (0 0 0 0 0 0 0 0 0 0 0 0 0 0)   |
|   8 (2 2 2 2 2 2 2 2 2 2 2 2 2 2)   |
|   9 (2 2 2 2 2 2 2 2 2 2 2 2 2 2)   |
|  10 (2 2 2 2 2 2 2 2 2 2 2 2 2 2)   |
|  11 (2 2 2 2 2 2 2 2 2 2 2 2 2 2)   |
|  12 (2 2 2 2 2 2 2 2 2 2 2 2 2 2)   |
|  13 (2 2 2 2 2 2 2 2 2 2 2 2 2 2)   |
|  14 (2 2 2 2 2 2 2 2 2 2 2 2 2 2)   |
|_____________________________________|

 _____________________________________
|                                     |
|      A B C D E F G H I J K L M N    |
|   1 (1 0 1 0 1 0 1 0 1 0 0 0 1 1)   |
|   2 (0 1 0 1 0 1 0 1 0 1 0 0 1 1)   |
|   3 (0 0 0 0 0 0 0 0 0 0 1 1 0 0)   |
|   4 (0 0 0 0 0 0 1 1 0 0 1 1 0 0)   |
|   5 (0 0 0 0 0 1 1 0 1 1 0 0 1 1)   |
|   6 (0 0 0 1 1 0 0 0 1 1 0 0 1 1)   |
|   7 (0 0 0 1 1 0 0 0 0 0 0 0 0 0)   |
|   8 (2 2 2 2 2 2 2 2 2 2 2 2 2 2)   |
|   9 (2 2 2 2 2 2 2 2 2 2 2 2 2 2)   |
|  10 (2 2 2 2 2 2 2 2 2 2 2 2 2 2)   |
|  11 (2 2 2 2 2 2 2 2 2 2 2 2 2 2)   |
|  12 (2 2 2 2 2 2 2 2 2 2 2 2 2 2)   |
|  13 (2 2 2 2 2 2 2 2 2 2 2 2 2 2)   |
|  14 (2 2 2 2 2 2 2 2 2 2 2 2 2 2)   |
|_____________________________________|

 _____________________________________
|                                     |
|      A B C D E F G H I J K L M N    |
|   1 (1 0 1 0 1 0 1 0 1 0 0 0 1 1)   |
|   2 (0 1 0 1 0 1 0 1 0 1 0 0 1 1)   |
|   3 (0 0 0 0 0 0 0 0 0 0 1 1 0 0)   |
|   4 (0 1 1 0 0 0 1 1 0 0 1 1 0 0)   |
|   5 (0 1 1 0 0 1 1 0 1 1 0 0 1 1)   |
|   6 (0 0 0 1 1 0 0 0 1 1 0 0 1 1)   |
|   7 (0 0 0 1 1 0 0 0 0 0 0 0 0 0)   |
|   8 (2 2 2 2 2 2 2 2 2 2 2 2 2 2)   |
|   9 (2 2 2 2 2 2 2 2 2 2 2 2 2 2)   |
|  10 (2 2 2 2 2 2 2 2 2 2 2 2 2 2)   |
|  11 (2 2 2 2 2 2 2 2 2 2 2 2 2 2)   |
|  12 (2 2 2 2 2 2 2 2 2 2 2 2 2 2)   |
|  13 (2 2 2 2 2 2 2 2 2 2 2 2 2 2)   |
|  14 (2 2 2 2 2 2 2 2 2 2 2 2 2 2)   |
|_____________________________________|


| Resolução do Tabuleiro E |
Algoritmo: Depth-First Search (Profundidade)
Número de nós gerados > 159
Número de nós expandidos > 136
Penetrância > 0.13836478
Profundidade escolhida > 100
Tempo de Execução > 31 ms
Caminho até ao fim do jogo:

 _____________________________________
|                                     |
|      A B C D E F G H I J K L M N    |
|   1 (0 2 2 2 2 2 2 2 2 2 2 2 2 2)   |
|   2 (2 0 2 0 0 0 0 0 0 2 0 0 0 2)   |
|   3 (2 0 0 2 0 0 0 0 0 0 2 0 0 2)   |
|   4 (2 0 0 0 2 0 0 0 0 0 0 2 0 2)   |
|   5 (2 0 0 0 0 2 0 0 0 0 0 0 2 2)   |
|   6 (2 0 0 0 0 0 2 0 0 0 0 0 0 2)   |
|   7 (2 0 0 0 0 0 0 2 0 0 0 0 0 2)   |
|   8 (2 0 0 0 0 0 0 0 2 0 0 0 0 2)   |
|   9 (2 0 0 0 0 0 0 0 0 2 0 0 0 2)   |
|  10 (2 0 2 0 0 0 0 0 0 0 2 0 0 2)   |
|  11 (2 2 0 0 0 0 0 0 0 0 0 2 0 2)   |
|  12 (2 0 0 0 2 0 0 0 0 0 0 0 2 2)   |
|  13 (2 0 0 0 0 2 0 0 0 0 0 0 0 2)   |
|  14 (2 2 2 2 2 2 2 2 2 2 2 2 2 2)   |
|_____________________________________|

 _____________________________________
|                                     |
|      A B C D E F G H I J K L M N    |
|   1 (1 2 2 2 2 2 2 2 2 2 2 2 2 2)   |
|   2 (2 0 2 0 0 0 0 0 0 2 0 0 0 2)   |
|   3 (2 0 0 2 0 0 0 0 0 0 2 0 0 2)   |
|   4 (2 0 0 0 2 0 0 0 0 0 0 2 0 2)   |
|   5 (2 0 0 0 0 2 0 0 0 0 0 0 2 2)   |
|   6 (2 0 0 0 0 0 2 0 0 0 0 0 0 2)   |
|   7 (2 0 0 0 0 0 0 2 0 0 0 0 0 2)   |
|   8 (2 0 0 0 0 0 0 0 2 0 0 0 0 2)   |
|   9 (2 0 0 0 0 0 0 0 0 2 0 0 0 2)   |
|  10 (2 0 2 0 0 0 0 0 0 0 2 0 0 2)   |
|  11 (2 2 0 0 0 0 0 0 0 0 0 2 0 2)   |
|  12 (2 0 0 0 2 0 0 0 0 0 0 0 2 2)   |
|  13 (2 0 0 0 0 2 0 0 0 0 0 0 0 2)   |
|  14 (2 2 2 2 2 2 2 2 2 2 2 2 2 2)   |
|_____________________________________|

 _____________________________________
|                                     |
|      A B C D E F G H I J K L M N    |
|   1 (1 2 2 2 2 2 2 2 2 2 2 2 2 2)   |
|   2 (2 1 2 0 0 0 0 0 0 2 0 0 0 2)   |
|   3 (2 0 0 2 0 0 0 0 0 0 2 0 0 2)   |
|   4 (2 0 0 0 2 0 0 0 0 0 0 2 0 2)   |
|   5 (2 0 0 0 0 2 0 0 0 0 0 0 2 2)   |
|   6 (2 0 0 0 0 0 2 0 0 0 0 0 0 2)   |
|   7 (2 0 0 0 0 0 0 2 0 0 0 0 0 2)   |
|   8 (2 0 0 0 0 0 0 0 2 0 0 0 0 2)   |
|   9 (2 0 0 0 0 0 0 0 0 2 0 0 0 2)   |
|  10 (2 0 2 0 0 0 0 0 0 0 2 0 0 2)   |
|  11 (2 2 0 0 0 0 0 0 0 0 0 2 0 2)   |
|  12 (2 0 0 0 2 0 0 0 0 0 0 0 2 2)   |
|  13 (2 0 0 0 0 2 0 0 0 0 0 0 0 2)   |
|  14 (2 2 2 2 2 2 2 2 2 2 2 2 2 2)   |
|_____________________________________|

 _____________________________________
|                                     |
|      A B C D E F G H I J K L M N    |
|   1 (1 2 2 2 2 2 2 2 2 2 2 2 2 2)   |
|   2 (2 1 2 0 0 0 0 0 0 2 0 0 0 2)   |
|   3 (2 0 1 2 0 0 0 0 0 0 2 0 0 2)   |
|   4 (2 0 0 0 2 0 0 0 0 0 0 2 0 2)   |
|   5 (2 0 0 0 0 2 0 0 0 0 0 0 2 2)   |
|   6 (2 0 0 0 0 0 2 0 0 0 0 0 0 2)   |
|   7 (2 0 0 0 0 0 0 2 0 0 0 0 0 2)   |
|   8 (2 0 0 0 0 0 0 0 2 0 0 0 0 2)   |
|   9 (2 0 0 0 0 0 0 0 0 2 0 0 0 2)   |
|  10 (2 0 2 0 0 0 0 0 0 0 2 0 0 2)   |
|  11 (2 2 0 0 0 0 0 0 0 0 0 2 0 2)   |
|  12 (2 0 0 0 2 0 0 0 0 0 0 0 2 2)   |
|  13 (2 0 0 0 0 2 0 0 0 0 0 0 0 2)   |
|  14 (2 2 2 2 2 2 2 2 2 2 2 2 2 2)   |
|_____________________________________|

 _____________________________________
|                                     |
|      A B C D E F G H I J K L M N    |
|   1 (1 2 2 2 2 2 2 2 2 2 2 2 2 2)   |
|   2 (2 1 2 1 0 0 0 0 0 2 0 0 0 2)   |
|   3 (2 0 1 2 0 0 0 0 0 0 2 0 0 2)   |
|   4 (2 0 0 0 2 0 0 0 0 0 0 2 0 2)   |
|   5 (2 0 0 0 0 2 0 0 0 0 0 0 2 2)   |
|   6 (2 0 0 0 0 0 2 0 0 0 0 0 0 2)   |
|   7 (2 0 0 0 0 0 0 2 0 0 0 0 0 2)   |
|   8 (2 0 0 0 0 0 0 0 2 0 0 0 0 2)   |
|   9 (2 0 0 0 0 0 0 0 0 2 0 0 0 2)   |
|  10 (2 0 2 0 0 0 0 0 0 0 2 0 0 2)   |
|  11 (2 2 0 0 0 0 0 0 0 0 0 2 0 2)   |
|  12 (2 0 0 0 2 0 0 0 0 0 0 0 2 2)   |
|  13 (2 0 0 0 0 2 0 0 0 0 0 0 0 2)   |
|  14 (2 2 2 2 2 2 2 2 2 2 2 2 2 2)   |
|_____________________________________|

 _____________________________________
|                                     |
|      A B C D E F G H I J K L M N    |
|   1 (1 2 2 2 2 2 2 2 2 2 2 2 2 2)   |
|   2 (2 1 2 1 0 0 0 0 0 2 0 0 0 2)   |
|   3 (2 0 1 2 1 0 0 0 0 0 2 0 0 2)   |
|   4 (2 0 0 0 2 0 0 0 0 0 0 2 0 2)   |
|   5 (2 0 0 0 0 2 0 0 0 0 0 0 2 2)   |
|   6 (2 0 0 0 0 0 2 0 0 0 0 0 0 2)   |
|   7 (2 0 0 0 0 0 0 2 0 0 0 0 0 2)   |
|   8 (2 0 0 0 0 0 0 0 2 0 0 0 0 2)   |
|   9 (2 0 0 0 0 0 0 0 0 2 0 0 0 2)   |
|  10 (2 0 2 0 0 0 0 0 0 0 2 0 0 2)   |
|  11 (2 2 0 0 0 0 0 0 0 0 0 2 0 2)   |
|  12 (2 0 0 0 2 0 0 0 0 0 0 0 2 2)   |
|  13 (2 0 0 0 0 2 0 0 0 0 0 0 0 2)   |
|  14 (2 2 2 2 2 2 2 2 2 2 2 2 2 2)   |
|_____________________________________|

 _____________________________________
|                                     |
|      A B C D E F G H I J K L M N    |
|   1 (1 2 2 2 2 2 2 2 2 2 2 2 2 2)   |
|   2 (2 1 2 1 0 1 0 0 0 2 0 0 0 2)   |
|   3 (2 0 1 2 1 0 0 0 0 0 2 0 0 2)   |
|   4 (2 0 0 0 2 0 0 0 0 0 0 2 0 2)   |
|   5 (2 0 0 0 0 2 0 0 0 0 0 0 2 2)   |
|   6 (2 0 0 0 0 0 2 0 0 0 0 0 0 2)   |
|   7 (2 0 0 0 0 0 0 2 0 0 0 0 0 2)   |
|   8 (2 0 0 0 0 0 0 0 2 0 0 0 0 2)   |
|   9 (2 0 0 0 0 0 0 0 0 2 0 0 0 2)   |
|  10 (2 0 2 0 0 0 0 0 0 0 2 0 0 2)   |
|  11 (2 2 0 0 0 0 0 0 0 0 0 2 0 2)   |
|  12 (2 0 0 0 2 0 0 0 0 0 0 0 2 2)   |
|  13 (2 0 0 0 0 2 0 0 0 0 0 0 0 2)   |
|  14 (2 2 2 2 2 2 2 2 2 2 2 2 2 2)   |
|_____________________________________|

 _____________________________________
|                                     |
|      A B C D E F G H I J K L M N    |
|   1 (1 2 2 2 2 2 2 2 2 2 2 2 2 2)   |
|   2 (2 1 2 1 0 1 0 0 0 2 0 0 0 2)   |
|   3 (2 0 1 2 1 0 1 0 0 0 2 0 0 2)   |
|   4 (2 0 0 0 2 0 0 0 0 0 0 2 0 2)   |
|   5 (2 0 0 0 0 2 0 0 0 0 0 0 2 2)   |
|   6 (2 0 0 0 0 0 2 0 0 0 0 0 0 2)   |
|   7 (2 0 0 0 0 0 0 2 0 0 0 0 0 2)   |
|   8 (2 0 0 0 0 0 0 0 2 0 0 0 0 2)   |
|   9 (2 0 0 0 0 0 0 0 0 2 0 0 0 2)   |
|  10 (2 0 2 0 0 0 0 0 0 0 2 0 0 2)   |
|  11 (2 2 0 0 0 0 0 0 0 0 0 2 0 2)   |
|  12 (2 0 0 0 2 0 0 0 0 0 0 0 2 2)   |
|  13 (2 0 0 0 0 2 0 0 0 0 0 0 0 2)   |
|  14 (2 2 2 2 2 2 2 2 2 2 2 2 2 2)   |
|_____________________________________|

 _____________________________________
|                                     |
|      A B C D E F G H I J K L M N    |
|   1 (1 2 2 2 2 2 2 2 2 2 2 2 2 2)   |
|   2 (2 1 2 1 0 1 0 1 0 2 0 0 0 2)   |
|   3 (2 0 1 2 1 0 1 0 0 0 2 0 0 2)   |
|   4 (2 0 0 0 2 0 0 0 0 0 0 2 0 2)   |
|   5 (2 0 0 0 0 2 0 0 0 0 0 0 2 2)   |
|   6 (2 0 0 0 0 0 2 0 0 0 0 0 0 2)   |
|   7 (2 0 0 0 0 0 0 2 0 0 0 0 0 2)   |
|   8 (2 0 0 0 0 0 0 0 2 0 0 0 0 2)   |
|   9 (2 0 0 0 0 0 0 0 0 2 0 0 0 2)   |
|  10 (2 0 2 0 0 0 0 0 0 0 2 0 0 2)   |
|  11 (2 2 0 0 0 0 0 0 0 0 0 2 0 2)   |
|  12 (2 0 0 0 2 0 0 0 0 0 0 0 2 2)   |
|  13 (2 0 0 0 0 2 0 0 0 0 0 0 0 2)   |
|  14 (2 2 2 2 2 2 2 2 2 2 2 2 2 2)   |
|_____________________________________|

 _____________________________________
|                                     |
|      A B C D E F G H I J K L M N    |
|   1 (1 2 2 2 2 2 2 2 2 2 2 2 2 2)   |
|   2 (2 1 2 1 0 1 0 1 0 2 0 0 0 2)   |
|   3 (2 0 1 2 1 0 1 0 1 0 2 0 0 2)   |
|   4 (2 0 0 0 2 0 0 0 0 0 0 2 0 2)   |
|   5 (2 0 0 0 0 2 0 0 0 0 0 0 2 2)   |
|   6 (2 0 0 0 0 0 2 0 0 0 0 0 0 2)   |
|   7 (2 0 0 0 0 0 0 2 0 0 0 0 0 2)   |
|   8 (2 0 0 0 0 0 0 0 2 0 0 0 0 2)   |
|   9 (2 0 0 0 0 0 0 0 0 2 0 0 0 2)   |
|  10 (2 0 2 0 0 0 0 0 0 0 2 0 0 2)   |
|  11 (2 2 0 0 0 0 0 0 0 0 0 2 0 2)   |
|  12 (2 0 0 0 2 0 0 0 0 0 0 0 2 2)   |
|  13 (2 0 0 0 0 2 0 0 0 0 0 0 0 2)   |
|  14 (2 2 2 2 2 2 2 2 2 2 2 2 2 2)   |
|_____________________________________|

 _____________________________________
|                                     |
|      A B C D E F G H I J K L M N    |
|   1 (1 2 2 2 2 2 2 2 2 2 2 2 2 2)   |
|   2 (2 1 2 1 0 1 0 1 0 2 0 0 0 2)   |
|   3 (2 0 1 2 1 0 1 0 1 0 2 0 0 2)   |
|   4 (2 1 0 0 2 0 0 0 0 0 0 2 0 2)   |
|   5 (2 0 0 0 0 2 0 0 0 0 0 0 2 2)   |
|   6 (2 0 0 0 0 0 2 0 0 0 0 0 0 2)   |
|   7 (2 0 0 0 0 0 0 2 0 0 0 0 0 2)   |
|   8 (2 0 0 0 0 0 0 0 2 0 0 0 0 2)   |
|   9 (2 0 0 0 0 0 0 0 0 2 0 0 0 2)   |
|  10 (2 0 2 0 0 0 0 0 0 0 2 0 0 2)   |
|  11 (2 2 0 0 0 0 0 0 0 0 0 2 0 2)   |
|  12 (2 0 0 0 2 0 0 0 0 0 0 0 2 2)   |
|  13 (2 0 0 0 0 2 0 0 0 0 0 0 0 2)   |
|  14 (2 2 2 2 2 2 2 2 2 2 2 2 2 2)   |
|_____________________________________|

 _____________________________________
|                                     |
|      A B C D E F G H I J K L M N    |
|   1 (1 2 2 2 2 2 2 2 2 2 2 2 2 2)   |
|   2 (2 1 2 1 0 1 0 1 0 2 0 0 0 2)   |
|   3 (2 0 1 2 1 0 1 0 1 0 2 0 0 2)   |
|   4 (2 1 0 0 2 0 0 0 0 1 1 2 0 2)   |
|   5 (2 0 0 0 0 2 0 0 0 1 1 0 2 2)   |
|   6 (2 0 0 0 0 0 2 0 0 0 0 0 0 2)   |
|   7 (2 0 0 0 0 0 0 2 0 0 0 0 0 2)   |
|   8 (2 0 0 0 0 0 0 0 2 0 0 0 0 2)   |
|   9 (2 0 0 0 0 0 0 0 0 2 0 0 0 2)   |
|  10 (2 0 2 0 0 0 0 0 0 0 2 0 0 2)   |
|  11 (2 2 0 0 0 0 0 0 0 0 0 2 0 2)   |
|  12 (2 0 0 0 2 0 0 0 0 0 0 0 2 2)   |
|  13 (2 0 0 0 0 2 0 0 0 0 0 0 0 2)   |
|  14 (2 2 2 2 2 2 2 2 2 2 2 2 2 2)   |
|_____________________________________|

 _____________________________________
|                                     |
|      A B C D E F G H I J K L M N    |
|   1 (1 2 2 2 2 2 2 2 2 2 2 2 2 2)   |
|   2 (2 1 2 1 0 1 0 1 0 2 0 1 1 2)   |
|   3 (2 0 1 2 1 0 1 0 1 0 2 1 1 2)   |
|   4 (2 1 0 0 2 0 0 0 0 1 1 2 0 2)   |
|   5 (2 0 0 0 0 2 0 0 0 1 1 0 2 2)   |
|   6 (2 0 0 0 0 0 2 0 0 0 0 0 0 2)   |
|   7 (2 0 0 0 0 0 0 2 0 0 0 0 0 2)   |
|   8 (2 0 0 0 0 0 0 0 2 0 0 0 0 2)   |
|   9 (2 0 0 0 0 0 0 0 0 2 0 0 0 2)   |
|  10 (2 0 2 0 0 0 0 0 0 0 2 0 0 2)   |
|  11 (2 2 0 0 0 0 0 0 0 0 0 2 0 2)   |
|  12 (2 0 0 0 2 0 0 0 0 0 0 0 2 2)   |
|  13 (2 0 0 0 0 2 0 0 0 0 0 0 0 2)   |
|  14 (2 2 2 2 2 2 2 2 2 2 2 2 2 2)   |
|_____________________________________|

 _____________________________________
|                                     |
|      A B C D E F G H I J K L M N    |
|   1 (1 2 2 2 2 2 2 2 2 2 2 2 2 2)   |
|   2 (2 1 2 1 0 1 0 1 0 2 0 1 1 2)   |
|   3 (2 0 1 2 1 0 1 0 1 0 2 1 1 2)   |
|   4 (2 1 0 0 2 0 0 0 0 1 1 2 0 2)   |
|   5 (2 0 1 1 0 2 0 0 0 1 1 0 2 2)   |
|   6 (2 0 1 1 0 0 2 0 0 0 0 0 0 2)   |
|   7 (2 0 0 0 0 0 0 2 0 0 0 0 0 2)   |
|   8 (2 0 0 0 0 0 0 0 2 0 0 0 0 2)   |
|   9 (2 0 0 0 0 0 0 0 0 2 0 0 0 2)   |
|  10 (2 0 2 0 0 0 0 0 0 0 2 0 0 2)   |
|  11 (2 2 0 0 0 0 0 0 0 0 0 2 0 2)   |
|  12 (2 0 0 0 2 0 0 0 0 0 0 0 2 2)   |
|  13 (2 0 0 0 0 2 0 0 0 0 0 0 0 2)   |
|  14 (2 2 2 2 2 2 2 2 2 2 2 2 2 2)   |
|_____________________________________|

 _____________________________________
|                                     |
|      A B C D E F G H I J K L M N    |
|   1 (1 2 2 2 2 2 2 2 2 2 2 2 2 2)   |
|   2 (2 1 2 1 0 1 0 1 0 2 0 1 1 2)   |
|   3 (2 0 1 2 1 0 1 0 1 0 2 1 1 2)   |
|   4 (2 1 0 0 2 0 0 0 0 1 1 2 0 2)   |
|   5 (2 0 1 1 0 2 0 0 0 1 1 0 2 2)   |
|   6 (2 0 1 1 0 0 2 0 0 0 0 1 1 2)   |
|   7 (2 0 0 0 0 0 0 2 0 0 0 1 1 2)   |
|   8 (2 0 0 0 0 0 0 0 2 0 0 0 0 2)   |
|   9 (2 0 0 0 0 0 0 0 0 2 0 0 0 2)   |
|  10 (2 0 2 0 0 0 0 0 0 0 2 0 0 2)   |
|  11 (2 2 0 0 0 0 0 0 0 0 0 2 0 2)   |
|  12 (2 0 0 0 2 0 0 0 0 0 0 0 2 2)   |
|  13 (2 0 0 0 0 2 0 0 0 0 0 0 0 2)   |
|  14 (2 2 2 2 2 2 2 2 2 2 2 2 2 2)   |
|_____________________________________|

 _____________________________________
|                                     |
|      A B C D E F G H I J K L M N    |
|   1 (1 2 2 2 2 2 2 2 2 2 2 2 2 2)   |
|   2 (2 1 2 1 0 1 0 1 0 2 0 1 1 2)   |
|   3 (2 0 1 2 1 0 1 0 1 0 2 1 1 2)   |
|   4 (2 1 0 0 2 0 0 0 0 1 1 2 0 2)   |
|   5 (2 0 1 1 0 2 0 0 0 1 1 0 2 2)   |
|   6 (2 0 1 1 0 0 2 0 0 0 0 1 1 2)   |
|   7 (2 0 0 0 1 1 0 2 0 0 0 1 1 2)   |
|   8 (2 0 0 0 1 1 0 0 2 0 0 0 0 2)   |
|   9 (2 0 0 0 0 0 0 0 0 2 0 0 0 2)   |
|  10 (2 0 2 0 0 0 0 0 0 0 2 0 0 2)   |
|  11 (2 2 0 0 0 0 0 0 0 0 0 2 0 2)   |
|  12 (2 0 0 0 2 0 0 0 0 0 0 0 2 2)   |
|  13 (2 0 0 0 0 2 0 0 0 0 0 0 0 2)   |
|  14 (2 2 2 2 2 2 2 2 2 2 2 2 2 2)   |
|_____________________________________|

 _____________________________________
|                                     |
|      A B C D E F G H I J K L M N    |
|   1 (1 2 2 2 2 2 2 2 2 2 2 2 2 2)   |
|   2 (2 1 2 1 0 1 0 1 0 2 0 1 1 2)   |
|   3 (2 0 1 2 1 0 1 0 1 0 2 1 1 2)   |
|   4 (2 1 0 0 2 0 0 0 0 1 1 2 0 2)   |
|   5 (2 0 1 1 0 2 0 0 0 1 1 0 2 2)   |
|   6 (2 0 1 1 0 0 2 0 0 0 0 1 1 2)   |
|   7 (2 0 0 0 1 1 0 2 0 0 0 1 1 2)   |
|   8 (2 0 0 0 1 1 0 0 2 0 0 0 0 2)   |
|   9 (2 0 0 0 0 0 1 1 0 2 0 0 0 2)   |
|  10 (2 0 2 0 0 0 1 1 0 0 2 0 0 2)   |
|  11 (2 2 0 0 0 0 0 0 0 0 0 2 0 2)   |
|  12 (2 0 0 0 2 0 0 0 0 0 0 0 2 2)   |
|  13 (2 0 0 0 0 2 0 0 0 0 0 0 0 2)   |
|  14 (2 2 2 2 2 2 2 2 2 2 2 2 2 2)   |
|_____________________________________|

 _____________________________________
|                                     |
|      A B C D E F G H I J K L M N    |
|   1 (1 2 2 2 2 2 2 2 2 2 2 2 2 2)   |
|   2 (2 1 2 1 0 1 0 1 0 2 0 1 1 2)   |
|   3 (2 0 1 2 1 0 1 0 1 0 2 1 1 2)   |
|   4 (2 1 0 0 2 0 0 0 0 1 1 2 0 2)   |
|   5 (2 0 1 1 0 2 0 0 0 1 1 0 2 2)   |
|   6 (2 0 1 1 0 0 2 0 0 0 0 1 1 2)   |
|   7 (2 0 0 0 1 1 0 2 0 0 0 1 1 2)   |
|   8 (2 0 0 0 1 1 0 0 2 0 0 0 0 2)   |
|   9 (2 0 0 0 0 0 1 1 0 2 0 0 0 2)   |
|  10 (2 0 2 0 0 0 1 1 0 0 2 0 0 2)   |
|  11 (2 2 0 0 0 0 0 0 1 1 0 2 0 2)   |
|  12 (2 0 0 0 2 0 0 0 1 1 0 0 2 2)   |
|  13 (2 0 0 0 0 2 0 0 0 0 0 0 0 2)   |
|  14 (2 2 2 2 2 2 2 2 2 2 2 2 2 2)   |
|_____________________________________|

 _____________________________________
|                                     |
|      A B C D E F G H I J K L M N    |
|   1 (1 2 2 2 2 2 2 2 2 2 2 2 2 2)   |
|   2 (2 1 2 1 0 1 0 1 0 2 0 1 1 2)   |
|   3 (2 0 1 2 1 0 1 0 1 0 2 1 1 2)   |
|   4 (2 1 0 0 2 0 0 0 0 1 1 2 0 2)   |
|   5 (2 0 1 1 0 2 0 1 0 1 1 0 2 2)   |
|   6 (2 0 1 1 0 0 2 1 1 0 0 1 1 2)   |
|   7 (2 0 0 0 1 1 0 2 1 0 0 1 1 2)   |
|   8 (2 0 0 0 1 1 0 0 2 0 0 0 0 2)   |
|   9 (2 0 0 0 0 0 1 1 0 2 0 0 0 2)   |
|  10 (2 0 2 0 0 0 1 1 0 0 2 0 0 2)   |
|  11 (2 2 0 0 0 0 0 0 1 1 0 2 0 2)   |
|  12 (2 0 0 0 2 0 0 0 1 1 0 0 2 2)   |
|  13 (2 0 0 0 0 2 0 0 0 0 0 0 0 2)   |
|  14 (2 2 2 2 2 2 2 2 2 2 2 2 2 2)   |
|_____________________________________|

 _____________________________________
|                                     |
|      A B C D E F G H I J K L M N    |
|   1 (1 2 2 2 2 2 2 2 2 2 2 2 2 2)   |
|   2 (2 1 2 1 0 1 0 1 0 2 0 1 1 2)   |
|   3 (2 0 1 2 1 0 1 0 1 0 2 1 1 2)   |
|   4 (2 1 0 0 2 0 0 0 0 1 1 2 0 2)   |
|   5 (2 0 1 1 0 2 0 1 0 1 1 0 2 2)   |
|   6 (2 0 1 1 0 0 2 1 1 0 0 1 1 2)   |
|   7 (2 1 0 0 1 1 0 2 1 0 0 1 1 2)   |
|   8 (2 1 1 0 1 1 0 0 2 0 0 0 0 2)   |
|   9 (2 0 1 0 0 0 1 1 0 2 0 0 0 2)   |
|  10 (2 0 2 0 0 0 1 1 0 0 2 0 0 2)   |
|  11 (2 2 0 0 0 0 0 0 1 1 0 2 0 2)   |
|  12 (2 0 0 0 2 0 0 0 1 1 0 0 2 2)   |
|  13 (2 0 0 0 0 2 0 0 0 0 0 0 0 2)   |
|  14 (2 2 2 2 2 2 2 2 2 2 2 2 2 2)   |
|_____________________________________|

 _____________________________________
|                                     |
|      A B C D E F G H I J K L M N    |
|   1 (1 2 2 2 2 2 2 2 2 2 2 2 2 2)   |
|   2 (2 1 2 1 0 1 0 1 0 2 0 1 1 2)   |
|   3 (2 0 1 2 1 0 1 0 1 0 2 1 1 2)   |
|   4 (2 1 0 0 2 0 0 0 0 1 1 2 0 2)   |
|   5 (2 0 1 1 0 2 0 1 0 1 1 0 2 2)   |
|   6 (2 0 1 1 0 0 2 1 1 0 0 1 1 2)   |
|   7 (2 1 0 0 1 1 0 2 1 0 0 1 1 2)   |
|   8 (2 1 1 0 1 1 0 0 2 0 0 0 0 2)   |
|   9 (2 0 1 0 0 0 1 1 0 2 0 0 0 2)   |
|  10 (2 0 2 1 1 0 1 1 0 0 2 0 0 2)   |
|  11 (2 2 0 1 1 0 0 0 1 1 0 2 0 2)   |
|  12 (2 0 0 0 2 0 0 0 1 1 0 0 2 2)   |
|  13 (2 0 0 0 0 2 0 0 0 0 0 0 0 2)   |
|  14 (2 2 2 2 2 2 2 2 2 2 2 2 2 2)   |
|_____________________________________|

 _____________________________________
|                                     |
|      A B C D E F G H I J K L M N    |
|   1 (1 2 2 2 2 2 2 2 2 2 2 2 2 2)   |
|   2 (2 1 2 1 0 1 0 1 0 2 0 1 1 2)   |
|   3 (2 0 1 2 1 0 1 0 1 0 2 1 1 2)   |
|   4 (2 1 0 0 2 0 0 0 0 1 1 2 0 2)   |
|   5 (2 0 1 1 0 2 0 1 0 1 1 0 2 2)   |
|   6 (2 0 1 1 0 0 2 1 1 0 0 1 1 2)   |
|   7 (2 1 0 0 1 1 0 2 1 0 0 1 1 2)   |
|   8 (2 1 1 0 1 1 0 0 2 0 0 0 0 2)   |
|   9 (2 0 1 0 0 0 1 1 0 2 0 0 0 2)   |
|  10 (2 0 2 1 1 0 1 1 0 0 2 0 0 2)   |
|  11 (2 2 0 1 1 0 0 0 1 1 0 2 0 2)   |
|  12 (2 1 1 0 2 0 0 0 1 1 0 0 2 2)   |
|  13 (2 1 1 0 0 2 0 0 0 0 0 0 0 2)   |
|  14 (2 2 2 2 2 2 2 2 2 2 2 2 2 2)   |
|_____________________________________|

 _____________________________________
|                                     |
|      A B C D E F G H I J K L M N    |
|   1 (1 2 2 2 2 2 2 2 2 2 2 2 2 2)   |
|   2 (2 1 2 1 0 1 0 1 0 2 0 1 1 2)   |
|   3 (2 0 1 2 1 0 1 0 1 0 2 1 1 2)   |
|   4 (2 1 0 0 2 0 0 0 0 1 1 2 0 2)   |
|   5 (2 0 1 1 0 2 0 1 0 1 1 0 2 2)   |
|   6 (2 0 1 1 0 0 2 1 1 0 0 1 1 2)   |
|   7 (2 1 0 0 1 1 0 2 1 0 0 1 1 2)   |
|   8 (2 1 1 0 1 1 0 0 2 0 1 0 0 2)   |
|   9 (2 0 1 0 0 0 1 1 0 2 1 1 0 2)   |
|  10 (2 0 2 1 1 0 1 1 0 0 2 1 0 2)   |
|  11 (2 2 0 1 1 0 0 0 1 1 0 2 0 2)   |
|  12 (2 1 1 0 2 0 0 0 1 1 0 0 2 2)   |
|  13 (2 1 1 0 0 2 0 0 0 0 0 0 0 2)   |
|  14 (2 2 2 2 2 2 2 2 2 2 2 2 2 2)   |
|_____________________________________|


| Resolução do Tabuleiro F |
Algoritmo: Depth-First Search (Profundidade)
Número de nós gerados > 312
Número de nós expandidos > 283
Penetrância > 0.08974359
Profundidade escolhida > 100
Tempo de Execução > 32 ms
Caminho até ao fim do jogo:

 _____________________________________
|                                     |
|      A B C D E F G H I J K L M N    |
|   1 (0 0 0 0 0 0 0 0 0 0 0 0 0 0)   |
|   2 (0 0 0 0 0 0 0 0 0 0 0 0 0 0)   |
|   3 (0 0 0 0 0 0 0 0 0 0 0 0 0 0)   |
|   4 (0 0 0 0 0 0 0 0 0 0 0 0 0 0)   |
|   5 (0 0 0 0 0 0 0 0 0 0 0 0 0 0)   |
|   6 (0 0 0 0 0 0 0 0 0 0 0 0 0 0)   |
|   7 (0 0 0 0 0 0 0 0 0 0 0 0 0 0)   |
|   8 (0 0 0 0 0 0 0 0 0 0 0 0 0 0)   |
|   9 (0 0 0 0 0 0 0 0 0 0 0 0 0 0)   |
|  10 (0 0 0 0 0 0 0 0 0 0 0 0 0 0)   |
|  11 (0 0 0 0 0 0 0 0 0 0 0 0 0 0)   |
|  12 (0 0 0 0 0 0 0 0 0 0 0 0 0 0)   |
|  13 (0 0 0 0 0 0 0 0 0 0 0 0 0 0)   |
|  14 (0 0 0 0 0 0 0 0 0 0 0 0 0 0)   |
|_____________________________________|

 _____________________________________
|                                     |
|      A B C D E F G H I J K L M N    |
|   1 (1 0 0 0 0 0 0 0 0 0 0 0 0 0)   |
|   2 (0 0 0 0 0 0 0 0 0 0 0 0 0 0)   |
|   3 (0 0 0 0 0 0 0 0 0 0 0 0 0 0)   |
|   4 (0 0 0 0 0 0 0 0 0 0 0 0 0 0)   |
|   5 (0 0 0 0 0 0 0 0 0 0 0 0 0 0)   |
|   6 (0 0 0 0 0 0 0 0 0 0 0 0 0 0)   |
|   7 (0 0 0 0 0 0 0 0 0 0 0 0 0 0)   |
|   8 (0 0 0 0 0 0 0 0 0 0 0 0 0 0)   |
|   9 (0 0 0 0 0 0 0 0 0 0 0 0 0 0)   |
|  10 (0 0 0 0 0 0 0 0 0 0 0 0 0 0)   |
|  11 (0 0 0 0 0 0 0 0 0 0 0 0 0 0)   |
|  12 (0 0 0 0 0 0 0 0 0 0 0 0 0 0)   |
|  13 (0 0 0 0 0 0 0 0 0 0 0 0 0 0)   |
|  14 (0 0 0 0 0 0 0 0 0 0 0 0 0 0)   |
|_____________________________________|

 _____________________________________
|                                     |
|      A B C D E F G H I J K L M N    |
|   1 (1 0 0 0 0 0 0 0 0 0 0 0 0 0)   |
|   2 (0 1 0 0 0 0 0 0 0 0 0 0 0 0)   |
|   3 (0 0 0 0 0 0 0 0 0 0 0 0 0 0)   |
|   4 (0 0 0 0 0 0 0 0 0 0 0 0 0 0)   |
|   5 (0 0 0 0 0 0 0 0 0 0 0 0 0 0)   |
|   6 (0 0 0 0 0 0 0 0 0 0 0 0 0 0)   |
|   7 (0 0 0 0 0 0 0 0 0 0 0 0 0 0)   |
|   8 (0 0 0 0 0 0 0 0 0 0 0 0 0 0)   |
|   9 (0 0 0 0 0 0 0 0 0 0 0 0 0 0)   |
|  10 (0 0 0 0 0 0 0 0 0 0 0 0 0 0)   |
|  11 (0 0 0 0 0 0 0 0 0 0 0 0 0 0)   |
|  12 (0 0 0 0 0 0 0 0 0 0 0 0 0 0)   |
|  13 (0 0 0 0 0 0 0 0 0 0 0 0 0 0)   |
|  14 (0 0 0 0 0 0 0 0 0 0 0 0 0 0)   |
|_____________________________________|

 _____________________________________
|                                     |
|      A B C D E F G H I J K L M N    |
|   1 (1 0 1 0 0 0 0 0 0 0 0 0 0 0)   |
|   2 (0 1 0 0 0 0 0 0 0 0 0 0 0 0)   |
|   3 (0 0 0 0 0 0 0 0 0 0 0 0 0 0)   |
|   4 (0 0 0 0 0 0 0 0 0 0 0 0 0 0)   |
|   5 (0 0 0 0 0 0 0 0 0 0 0 0 0 0)   |
|   6 (0 0 0 0 0 0 0 0 0 0 0 0 0 0)   |
|   7 (0 0 0 0 0 0 0 0 0 0 0 0 0 0)   |
|   8 (0 0 0 0 0 0 0 0 0 0 0 0 0 0)   |
|   9 (0 0 0 0 0 0 0 0 0 0 0 0 0 0)   |
|  10 (0 0 0 0 0 0 0 0 0 0 0 0 0 0)   |
|  11 (0 0 0 0 0 0 0 0 0 0 0 0 0 0)   |
|  12 (0 0 0 0 0 0 0 0 0 0 0 0 0 0)   |
|  13 (0 0 0 0 0 0 0 0 0 0 0 0 0 0)   |
|  14 (0 0 0 0 0 0 0 0 0 0 0 0 0 0)   |
|_____________________________________|

 _____________________________________
|                                     |
|      A B C D E F G H I J K L M N    |
|   1 (1 0 1 0 0 0 0 0 0 0 0 0 0 0)   |
|   2 (0 1 0 1 0 0 0 0 0 0 0 0 0 0)   |
|   3 (0 0 0 0 0 0 0 0 0 0 0 0 0 0)   |
|   4 (0 0 0 0 0 0 0 0 0 0 0 0 0 0)   |
|   5 (0 0 0 0 0 0 0 0 0 0 0 0 0 0)   |
|   6 (0 0 0 0 0 0 0 0 0 0 0 0 0 0)   |
|   7 (0 0 0 0 0 0 0 0 0 0 0 0 0 0)   |
|   8 (0 0 0 0 0 0 0 0 0 0 0 0 0 0)   |
|   9 (0 0 0 0 0 0 0 0 0 0 0 0 0 0)   |
|  10 (0 0 0 0 0 0 0 0 0 0 0 0 0 0)   |
|  11 (0 0 0 0 0 0 0 0 0 0 0 0 0 0)   |
|  12 (0 0 0 0 0 0 0 0 0 0 0 0 0 0)   |
|  13 (0 0 0 0 0 0 0 0 0 0 0 0 0 0)   |
|  14 (0 0 0 0 0 0 0 0 0 0 0 0 0 0)   |
|_____________________________________|

 _____________________________________
|                                     |
|      A B C D E F G H I J K L M N    |
|   1 (1 0 1 0 1 0 0 0 0 0 0 0 0 0)   |
|   2 (0 1 0 1 0 0 0 0 0 0 0 0 0 0)   |
|   3 (0 0 0 0 0 0 0 0 0 0 0 0 0 0)   |
|   4 (0 0 0 0 0 0 0 0 0 0 0 0 0 0)   |
|   5 (0 0 0 0 0 0 0 0 0 0 0 0 0 0)   |
|   6 (0 0 0 0 0 0 0 0 0 0 0 0 0 0)   |
|   7 (0 0 0 0 0 0 0 0 0 0 0 0 0 0)   |
|   8 (0 0 0 0 0 0 0 0 0 0 0 0 0 0)   |
|   9 (0 0 0 0 0 0 0 0 0 0 0 0 0 0)   |
|  10 (0 0 0 0 0 0 0 0 0 0 0 0 0 0)   |
|  11 (0 0 0 0 0 0 0 0 0 0 0 0 0 0)   |
|  12 (0 0 0 0 0 0 0 0 0 0 0 0 0 0)   |
|  13 (0 0 0 0 0 0 0 0 0 0 0 0 0 0)   |
|  14 (0 0 0 0 0 0 0 0 0 0 0 0 0 0)   |
|_____________________________________|

 _____________________________________
|                                     |
|      A B C D E F G H I J K L M N    |
|   1 (1 0 1 0 1 0 0 0 0 0 0 0 0 0)   |
|   2 (0 1 0 1 0 1 0 0 0 0 0 0 0 0)   |
|   3 (0 0 0 0 0 0 0 0 0 0 0 0 0 0)   |
|   4 (0 0 0 0 0 0 0 0 0 0 0 0 0 0)   |
|   5 (0 0 0 0 0 0 0 0 0 0 0 0 0 0)   |
|   6 (0 0 0 0 0 0 0 0 0 0 0 0 0 0)   |
|   7 (0 0 0 0 0 0 0 0 0 0 0 0 0 0)   |
|   8 (0 0 0 0 0 0 0 0 0 0 0 0 0 0)   |
|   9 (0 0 0 0 0 0 0 0 0 0 0 0 0 0)   |
|  10 (0 0 0 0 0 0 0 0 0 0 0 0 0 0)   |
|  11 (0 0 0 0 0 0 0 0 0 0 0 0 0 0)   |
|  12 (0 0 0 0 0 0 0 0 0 0 0 0 0 0)   |
|  13 (0 0 0 0 0 0 0 0 0 0 0 0 0 0)   |
|  14 (0 0 0 0 0 0 0 0 0 0 0 0 0 0)   |
|_____________________________________|

 _____________________________________
|                                     |
|      A B C D E F G H I J K L M N    |
|   1 (1 0 1 0 1 0 1 0 0 0 0 0 0 0)   |
|   2 (0 1 0 1 0 1 0 0 0 0 0 0 0 0)   |
|   3 (0 0 0 0 0 0 0 0 0 0 0 0 0 0)   |
|   4 (0 0 0 0 0 0 0 0 0 0 0 0 0 0)   |
|   5 (0 0 0 0 0 0 0 0 0 0 0 0 0 0)   |
|   6 (0 0 0 0 0 0 0 0 0 0 0 0 0 0)   |
|   7 (0 0 0 0 0 0 0 0 0 0 0 0 0 0)   |
|   8 (0 0 0 0 0 0 0 0 0 0 0 0 0 0)   |
|   9 (0 0 0 0 0 0 0 0 0 0 0 0 0 0)   |
|  10 (0 0 0 0 0 0 0 0 0 0 0 0 0 0)   |
|  11 (0 0 0 0 0 0 0 0 0 0 0 0 0 0)   |
|  12 (0 0 0 0 0 0 0 0 0 0 0 0 0 0)   |
|  13 (0 0 0 0 0 0 0 0 0 0 0 0 0 0)   |
|  14 (0 0 0 0 0 0 0 0 0 0 0 0 0 0)   |
|_____________________________________|

 _____________________________________
|                                     |
|      A B C D E F G H I J K L M N    |
|   1 (1 0 1 0 1 0 1 0 0 0 0 0 0 0)   |
|   2 (0 1 0 1 0 1 0 1 0 0 0 0 0 0)   |
|   3 (0 0 0 0 0 0 0 0 0 0 0 0 0 0)   |
|   4 (0 0 0 0 0 0 0 0 0 0 0 0 0 0)   |
|   5 (0 0 0 0 0 0 0 0 0 0 0 0 0 0)   |
|   6 (0 0 0 0 0 0 0 0 0 0 0 0 0 0)   |
|   7 (0 0 0 0 0 0 0 0 0 0 0 0 0 0)   |
|   8 (0 0 0 0 0 0 0 0 0 0 0 0 0 0)   |
|   9 (0 0 0 0 0 0 0 0 0 0 0 0 0 0)   |
|  10 (0 0 0 0 0 0 0 0 0 0 0 0 0 0)   |
|  11 (0 0 0 0 0 0 0 0 0 0 0 0 0 0)   |
|  12 (0 0 0 0 0 0 0 0 0 0 0 0 0 0)   |
|  13 (0 0 0 0 0 0 0 0 0 0 0 0 0 0)   |
|  14 (0 0 0 0 0 0 0 0 0 0 0 0 0 0)   |
|_____________________________________|

 _____________________________________
|                                     |
|      A B C D E F G H I J K L M N    |
|   1 (1 0 1 0 1 0 1 0 1 0 0 0 0 0)   |
|   2 (0 1 0 1 0 1 0 1 0 0 0 0 0 0)   |
|   3 (0 0 0 0 0 0 0 0 0 0 0 0 0 0)   |
|   4 (0 0 0 0 0 0 0 0 0 0 0 0 0 0)   |
|   5 (0 0 0 0 0 0 0 0 0 0 0 0 0 0)   |
|   6 (0 0 0 0 0 0 0 0 0 0 0 0 0 0)   |
|   7 (0 0 0 0 0 0 0 0 0 0 0 0 0 0)   |
|   8 (0 0 0 0 0 0 0 0 0 0 0 0 0 0)   |
|   9 (0 0 0 0 0 0 0 0 0 0 0 0 0 0)   |
|  10 (0 0 0 0 0 0 0 0 0 0 0 0 0 0)   |
|  11 (0 0 0 0 0 0 0 0 0 0 0 0 0 0)   |
|  12 (0 0 0 0 0 0 0 0 0 0 0 0 0 0)   |
|  13 (0 0 0 0 0 0 0 0 0 0 0 0 0 0)   |
|  14 (0 0 0 0 0 0 0 0 0 0 0 0 0 0)   |
|_____________________________________|

 _____________________________________
|                                     |
|      A B C D E F G H I J K L M N    |
|   1 (1 0 1 0 1 0 1 0 1 0 0 0 0 0)   |
|   2 (0 1 0 1 0 1 0 1 0 1 0 0 0 0)   |
|   3 (0 0 0 0 0 0 0 0 0 0 0 0 0 0)   |
|   4 (0 0 0 0 0 0 0 0 0 0 0 0 0 0)   |
|   5 (0 0 0 0 0 0 0 0 0 0 0 0 0 0)   |
|   6 (0 0 0 0 0 0 0 0 0 0 0 0 0 0)   |
|   7 (0 0 0 0 0 0 0 0 0 0 0 0 0 0)   |
|   8 (0 0 0 0 0 0 0 0 0 0 0 0 0 0)   |
|   9 (0 0 0 0 0 0 0 0 0 0 0 0 0 0)   |
|  10 (0 0 0 0 0 0 0 0 0 0 0 0 0 0)   |
|  11 (0 0 0 0 0 0 0 0 0 0 0 0 0 0)   |
|  12 (0 0 0 0 0 0 0 0 0 0 0 0 0 0)   |
|  13 (0 0 0 0 0 0 0 0 0 0 0 0 0 0)   |
|  14 (0 0 0 0 0 0 0 0 0 0 0 0 0 0)   |
|_____________________________________|

 _____________________________________
|                                     |
|      A B C D E F G H I J K L M N    |
|   1 (1 0 1 0 1 0 1 0 1 0 0 0 0 0)   |
|   2 (0 1 0 1 0 1 0 1 0 1 0 0 0 0)   |
|   3 (0 0 0 0 0 0 0 0 0 0 1 1 0 0)   |
|   4 (0 0 0 0 0 0 0 0 0 0 1 1 0 0)   |
|   5 (0 0 0 0 0 0 0 0 0 0 0 0 0 0)   |
|   6 (0 0 0 0 0 0 0 0 0 0 0 0 0 0)   |
|   7 (0 0 0 0 0 0 0 0 0 0 0 0 0 0)   |
|   8 (0 0 0 0 0 0 0 0 0 0 0 0 0 0)   |
|   9 (0 0 0 0 0 0 0 0 0 0 0 0 0 0)   |
|  10 (0 0 0 0 0 0 0 0 0 0 0 0 0 0)   |
|  11 (0 0 0 0 0 0 0 0 0 0 0 0 0 0)   |
|  12 (0 0 0 0 0 0 0 0 0 0 0 0 0 0)   |
|  13 (0 0 0 0 0 0 0 0 0 0 0 0 0 0)   |
|  14 (0 0 0 0 0 0 0 0 0 0 0 0 0 0)   |
|_____________________________________|

 _____________________________________
|                                     |
|      A B C D E F G H I J K L M N    |
|   1 (1 0 1 0 1 0 1 0 1 0 0 0 1 1)   |
|   2 (0 1 0 1 0 1 0 1 0 1 0 0 1 1)   |
|   3 (0 0 0 0 0 0 0 0 0 0 1 1 0 0)   |
|   4 (0 0 0 0 0 0 0 0 0 0 1 1 0 0)   |
|   5 (0 0 0 0 0 0 0 0 0 0 0 0 0 0)   |
|   6 (0 0 0 0 0 0 0 0 0 0 0 0 0 0)   |
|   7 (0 0 0 0 0 0 0 0 0 0 0 0 0 0)   |
|   8 (0 0 0 0 0 0 0 0 0 0 0 0 0 0)   |
|   9 (0 0 0 0 0 0 0 0 0 0 0 0 0 0)   |
|  10 (0 0 0 0 0 0 0 0 0 0 0 0 0 0)   |
|  11 (0 0 0 0 0 0 0 0 0 0 0 0 0 0)   |
|  12 (0 0 0 0 0 0 0 0 0 0 0 0 0 0)   |
|  13 (0 0 0 0 0 0 0 0 0 0 0 0 0 0)   |
|  14 (0 0 0 0 0 0 0 0 0 0 0 0 0 0)   |
|_____________________________________|

 _____________________________________
|                                     |
|      A B C D E F G H I J K L M N    |
|   1 (1 0 1 0 1 0 1 0 1 0 0 0 1 1)   |
|   2 (0 1 0 1 0 1 0 1 0 1 0 0 1 1)   |
|   3 (0 0 0 0 0 0 0 0 0 0 1 1 0 0)   |
|   4 (0 0 0 0 0 0 0 0 0 0 1 1 0 0)   |
|   5 (0 0 0 0 0 0 0 0 1 1 0 0 0 0)   |
|   6 (0 0 0 0 0 0 0 0 1 1 0 0 0 0)   |
|   7 (0 0 0 0 0 0 0 0 0 0 0 0 0 0)   |
|   8 (0 0 0 0 0 0 0 0 0 0 0 0 0 0)   |
|   9 (0 0 0 0 0 0 0 0 0 0 0 0 0 0)   |
|  10 (0 0 0 0 0 0 0 0 0 0 0 0 0 0)   |
|  11 (0 0 0 0 0 0 0 0 0 0 0 0 0 0)   |
|  12 (0 0 0 0 0 0 0 0 0 0 0 0 0 0)   |
|  13 (0 0 0 0 0 0 0 0 0 0 0 0 0 0)   |
|  14 (0 0 0 0 0 0 0 0 0 0 0 0 0 0)   |
|_____________________________________|

 _____________________________________
|                                     |
|      A B C D E F G H I J K L M N    |
|   1 (1 0 1 0 1 0 1 0 1 0 0 0 1 1)   |
|   2 (0 1 0 1 0 1 0 1 0 1 0 0 1 1)   |
|   3 (0 0 0 0 0 0 0 0 0 0 1 1 0 0)   |
|   4 (0 0 0 0 0 0 0 0 0 0 1 1 0 0)   |
|   5 (0 0 0 0 0 0 0 0 1 1 0 0 1 1)   |
|   6 (0 0 0 0 0 0 0 0 1 1 0 0 1 1)   |
|   7 (0 0 0 0 0 0 0 0 0 0 0 0 0 0)   |
|   8 (0 0 0 0 0 0 0 0 0 0 0 0 0 0)   |
|   9 (0 0 0 0 0 0 0 0 0 0 0 0 0 0)   |
|  10 (0 0 0 0 0 0 0 0 0 0 0 0 0 0)   |
|  11 (0 0 0 0 0 0 0 0 0 0 0 0 0 0)   |
|  12 (0 0 0 0 0 0 0 0 0 0 0 0 0 0)   |
|  13 (0 0 0 0 0 0 0 0 0 0 0 0 0 0)   |
|  14 (0 0 0 0 0 0 0 0 0 0 0 0 0 0)   |
|_____________________________________|

 _____________________________________
|                                     |
|      A B C D E F G H I J K L M N    |
|   1 (1 0 1 0 1 0 1 0 1 0 0 0 1 1)   |
|   2 (0 1 0 1 0 1 0 1 0 1 0 0 1 1)   |
|   3 (0 0 0 0 0 0 0 0 0 0 1 1 0 0)   |
|   4 (0 0 0 0 0 0 0 0 0 0 1 1 0 0)   |
|   5 (0 0 0 0 0 0 0 0 1 1 0 0 1 1)   |
|   6 (0 0 0 0 0 0 0 0 1 1 0 0 1 1)   |
|   7 (0 0 0 0 0 0 1 1 0 0 0 0 0 0)   |
|   8 (0 0 0 0 0 0 1 1 0 0 0 0 0 0)   |
|   9 (0 0 0 0 0 0 0 0 0 0 0 0 0 0)   |
|  10 (0 0 0 0 0 0 0 0 0 0 0 0 0 0)   |
|  11 (0 0 0 0 0 0 0 0 0 0 0 0 0 0)   |
|  12 (0 0 0 0 0 0 0 0 0 0 0 0 0 0)   |
|  13 (0 0 0 0 0 0 0 0 0 0 0 0 0 0)   |
|  14 (0 0 0 0 0 0 0 0 0 0 0 0 0 0)   |
|_____________________________________|

 _____________________________________
|                                     |
|      A B C D E F G H I J K L M N    |
|   1 (1 0 1 0 1 0 1 0 1 0 0 0 1 1)   |
|   2 (0 1 0 1 0 1 0 1 0 1 0 0 1 1)   |
|   3 (0 0 0 0 0 0 0 0 0 0 1 1 0 0)   |
|   4 (0 0 0 0 0 0 0 0 0 0 1 1 0 0)   |
|   5 (0 0 0 0 1 1 0 0 1 1 0 0 1 1)   |
|   6 (0 0 0 0 1 1 0 0 1 1 0 0 1 1)   |
|   7 (0 0 0 0 0 0 1 1 0 0 0 0 0 0)   |
|   8 (0 0 0 0 0 0 1 1 0 0 0 0 0 0)   |
|   9 (0 0 0 0 0 0 0 0 0 0 0 0 0 0)   |
|  10 (0 0 0 0 0 0 0 0 0 0 0 0 0 0)   |
|  11 (0 0 0 0 0 0 0 0 0 0 0 0 0 0)   |
|  12 (0 0 0 0 0 0 0 0 0 0 0 0 0 0)   |
|  13 (0 0 0 0 0 0 0 0 0 0 0 0 0 0)   |
|  14 (0 0 0 0 0 0 0 0 0 0 0 0 0 0)   |
|_____________________________________|

 _____________________________________
|                                     |
|      A B C D E F G H I J K L M N    |
|   1 (1 0 1 0 1 0 1 0 1 0 0 0 1 1)   |
|   2 (0 1 0 1 0 1 0 1 0 1 0 0 1 1)   |
|   3 (0 0 0 0 0 0 0 0 0 0 1 1 0 0)   |
|   4 (0 0 0 0 0 0 0 0 0 0 1 1 0 0)   |
|   5 (0 0 0 0 1 1 0 0 1 1 0 0 1 1)   |
|   6 (0 0 0 0 1 1 0 0 1 1 0 0 1 1)   |
|   7 (0 0 1 1 0 0 1 1 0 0 0 0 0 0)   |
|   8 (0 0 1 1 0 0 1 1 0 0 0 0 0 0)   |
|   9 (0 0 0 0 0 0 0 0 0 0 0 0 0 0)   |
|  10 (0 0 0 0 0 0 0 0 0 0 0 0 0 0)   |
|  11 (0 0 0 0 0 0 0 0 0 0 0 0 0 0)   |
|  12 (0 0 0 0 0 0 0 0 0 0 0 0 0 0)   |
|  13 (0 0 0 0 0 0 0 0 0 0 0 0 0 0)   |
|  14 (0 0 0 0 0 0 0 0 0 0 0 0 0 0)   |
|_____________________________________|

 _____________________________________
|                                     |
|      A B C D E F G H I J K L M N    |
|   1 (1 0 1 0 1 0 1 0 1 0 0 0 1 1)   |
|   2 (0 1 0 1 0 1 0 1 0 1 0 0 1 1)   |
|   3 (0 0 0 0 0 0 0 0 0 0 1 1 0 0)   |
|   4 (0 0 0 0 0 0 0 0 0 0 1 1 0 0)   |
|   5 (1 1 0 0 1 1 0 0 1 1 0 0 1 1)   |
|   6 (1 1 0 0 1 1 0 0 1 1 0 0 1 1)   |
|   7 (0 0 1 1 0 0 1 1 0 0 0 0 0 0)   |
|   8 (0 0 1 1 0 0 1 1 0 0 0 0 0 0)   |
|   9 (0 0 0 0 0 0 0 0 0 0 0 0 0 0)   |
|  10 (0 0 0 0 0 0 0 0 0 0 0 0 0 0)   |
|  11 (0 0 0 0 0 0 0 0 0 0 0 0 0 0)   |
|  12 (0 0 0 0 0 0 0 0 0 0 0 0 0 0)   |
|  13 (0 0 0 0 0 0 0 0 0 0 0 0 0 0)   |
|  14 (0 0 0 0 0 0 0 0 0 0 0 0 0 0)   |
|_____________________________________|

 _____________________________________
|                                     |
|      A B C D E F G H I J K L M N    |
|   1 (1 0 1 0 1 0 1 0 1 0 0 0 1 1)   |
|   2 (0 1 0 1 0 1 0 1 0 1 0 0 1 1)   |
|   3 (0 0 0 0 0 0 0 0 0 0 1 1 0 0)   |
|   4 (0 0 0 0 0 0 0 0 0 0 1 1 0 0)   |
|   5 (1 1 0 0 1 1 0 0 1 1 0 0 1 1)   |
|   6 (1 1 0 0 1 1 0 0 1 1 0 0 1 1)   |
|   7 (0 0 1 1 0 0 1 1 0 0 1 1 0 0)   |
|   8 (0 0 1 1 0 0 1 1 0 0 1 1 0 0)   |
|   9 (0 0 0 0 0 0 0 0 0 0 0 0 0 0)   |
|  10 (0 0 0 0 0 0 0 0 0 0 0 0 0 0)   |
|  11 (0 0 0 0 0 0 0 0 0 0 0 0 0 0)   |
|  12 (0 0 0 0 0 0 0 0 0 0 0 0 0 0)   |
|  13 (0 0 0 0 0 0 0 0 0 0 0 0 0 0)   |
|  14 (0 0 0 0 0 0 0 0 0 0 0 0 0 0)   |
|_____________________________________|

 _____________________________________
|                                     |
|      A B C D E F G H I J K L M N    |
|   1 (1 0 1 0 1 0 1 0 1 0 0 0 1 1)   |
|   2 (0 1 0 1 0 1 0 1 0 1 0 0 1 1)   |
|   3 (0 0 0 0 0 0 0 0 0 0 1 1 0 0)   |
|   4 (0 0 0 0 0 0 0 0 0 0 1 1 0 0)   |
|   5 (1 1 0 0 1 1 0 0 1 1 0 0 1 1)   |
|   6 (1 1 0 0 1 1 0 0 1 1 0 0 1 1)   |
|   7 (0 0 1 1 0 0 1 1 0 0 1 1 0 0)   |
|   8 (0 0 1 1 0 0 1 1 0 0 1 1 0 0)   |
|   9 (1 1 0 0 0 0 0 0 0 0 0 0 0 0)   |
|  10 (1 1 0 0 0 0 0 0 0 0 0 0 0 0)   |
|  11 (0 0 0 0 0 0 0 0 0 0 0 0 0 0)   |
|  12 (0 0 0 0 0 0 0 0 0 0 0 0 0 0)   |
|  13 (0 0 0 0 0 0 0 0 0 0 0 0 0 0)   |
|  14 (0 0 0 0 0 0 0 0 0 0 0 0 0 0)   |
|_____________________________________|

 _____________________________________
|                                     |
|      A B C D E F G H I J K L M N    |
|   1 (1 0 1 0 1 0 1 0 1 0 0 0 1 1)   |
|   2 (0 1 0 1 0 1 0 1 0 1 0 0 1 1)   |
|   3 (0 0 0 0 0 0 0 0 0 0 1 1 0 0)   |
|   4 (0 0 0 0 0 0 0 0 0 0 1 1 0 0)   |
|   5 (1 1 0 0 1 1 0 0 1 1 0 0 1 1)   |
|   6 (1 1 0 0 1 1 0 0 1 1 0 0 1 1)   |
|   7 (0 0 1 1 0 0 1 1 0 0 1 1 0 0)   |
|   8 (0 0 1 1 0 0 1 1 0 0 1 1 0 0)   |
|   9 (1 1 0 0 1 1 0 0 0 0 0 0 0 0)   |
|  10 (1 1 0 1 1 0 0 0 0 0 0 0 0 0)   |
|  11 (0 0 0 0 0 0 0 0 0 0 0 0 0 0)   |
|  12 (0 0 0 0 0 0 0 0 0 0 0 0 0 0)   |
|  13 (0 0 0 0 0 0 0 0 0 0 0 0 0 0)   |
|  14 (0 0 0 0 0 0 0 0 0 0 0 0 0 0)   |
|_____________________________________|

 _____________________________________
|                                     |
|      A B C D E F G H I J K L M N    |
|   1 (1 0 1 0 1 0 1 0 1 0 0 0 1 1)   |
|   2 (0 1 0 1 0 1 0 1 0 1 0 0 1 1)   |
|   3 (0 0 0 0 0 0 0 0 0 0 1 1 0 0)   |
|   4 (0 0 0 0 0 0 0 0 0 0 1 1 0 0)   |
|   5 (1 1 0 0 1 1 0 0 1 1 0 0 1 1)   |
|   6 (1 1 0 0 1 1 0 0 1 1 0 0 1 1)   |
|   7 (0 0 1 1 0 0 1 1 0 0 1 1 0 0)   |
|   8 (0 0 1 1 0 0 1 1 0 0 1 1 0 0)   |
|   9 (1 1 0 0 1 1 0 0 1 1 0 0 0 0)   |
|  10 (1 1 0 1 1 0 0 1 1 0 0 0 0 0)   |
|  11 (0 0 0 0 0 0 0 0 0 0 0 0 0 0)   |
|  12 (0 0 0 0 0 0 0 0 0 0 0 0 0 0)   |
|  13 (0 0 0 0 0 0 0 0 0 0 0 0 0 0)   |
|  14 (0 0 0 0 0 0 0 0 0 0 0 0 0 0)   |
|_____________________________________|

 _____________________________________
|                                     |
|      A B C D E F G H I J K L M N    |
|   1 (1 0 1 0 1 0 1 0 1 0 0 0 1 1)   |
|   2 (0 1 0 1 0 1 0 1 0 1 0 0 1 1)   |
|   3 (0 0 0 0 0 0 0 0 0 0 1 1 0 0)   |
|   4 (0 0 0 0 0 0 0 0 0 0 1 1 0 0)   |
|   5 (1 1 0 0 1 1 0 0 1 1 0 0 1 1)   |
|   6 (1 1 0 0 1 1 0 0 1 1 0 0 1 1)   |
|   7 (0 0 1 1 0 0 1 1 0 0 1 1 0 0)   |
|   8 (0 0 1 1 0 0 1 1 0 0 1 1 0 0)   |
|   9 (1 1 0 0 1 1 0 0 1 1 0 0 1 1)   |
|  10 (1 1 0 1 1 0 0 1 1 0 0 1 1 0)   |
|  11 (0 0 0 0 0 0 0 0 0 0 0 0 0 0)   |
|  12 (0 0 0 0 0 0 0 0 0 0 0 0 0 0)   |
|  13 (0 0 0 0 0 0 0 0 0 0 0 0 0 0)   |
|  14 (0 0 0 0 0 0 0 0 0 0 0 0 0 0)   |
|_____________________________________|

 _____________________________________
|                                     |
|      A B C D E F G H I J K L M N    |
|   1 (1 0 1 0 1 0 1 0 1 0 0 0 1 1)   |
|   2 (0 1 0 1 0 1 0 1 0 1 0 0 1 1)   |
|   3 (0 0 0 0 0 0 0 0 0 0 1 1 0 0)   |
|   4 (0 0 0 0 0 0 0 0 0 0 1 1 0 0)   |
|   5 (1 1 0 0 1 1 0 0 1 1 0 0 1 1)   |
|   6 (1 1 0 0 1 1 0 0 1 1 0 0 1 1)   |
|   7 (0 0 1 1 0 0 1 1 0 0 1 1 0 0)   |
|   8 (0 0 1 1 0 0 1 1 0 0 1 1 0 0)   |
|   9 (1 1 0 0 1 1 0 0 1 1 0 0 1 1)   |
|  10 (1 1 0 1 1 0 0 1 1 0 0 1 1 0)   |
|  11 (0 0 0 0 0 1 1 0 0 0 0 0 0 0)   |
|  12 (0 0 0 0 1 1 0 0 0 0 0 0 0 0)   |
|  13 (0 0 0 0 0 0 0 0 0 0 0 0 0 0)   |
|  14 (0 0 0 0 0 0 0 0 0 0 0 0 0 0)   |
|_____________________________________|

 _____________________________________
|                                     |
|      A B C D E F G H I J K L M N    |
|   1 (1 0 1 0 1 0 1 0 1 0 0 0 1 1)   |
|   2 (0 1 0 1 0 1 0 1 0 1 0 0 1 1)   |
|   3 (0 0 0 0 0 0 0 0 0 0 1 1 0 0)   |
|   4 (0 0 0 0 0 0 0 0 0 0 1 1 0 0)   |
|   5 (1 1 0 0 1 1 0 0 1 1 0 0 1 1)   |
|   6 (1 1 0 0 1 1 0 0 1 1 0 0 1 1)   |
|   7 (0 0 1 1 0 0 1 1 0 0 1 1 0 0)   |
|   8 (0 0 1 1 0 0 1 1 0 0 1 1 0 0)   |
|   9 (1 1 0 0 1 1 0 0 1 1 0 0 1 1)   |
|  10 (1 1 0 1 1 0 0 1 1 0 0 1 1 0)   |
|  11 (0 0 0 0 0 1 1 0 0 1 1 0 0 0)   |
|  12 (0 0 0 0 1 1 0 0 1 1 0 0 0 0)   |
|  13 (0 0 0 0 0 0 0 0 0 0 0 0 0 0)   |
|  14 (0 0 0 0 0 0 0 0 0 0 0 0 0 0)   |
|_____________________________________|

 _____________________________________
|                                     |
|      A B C D E F G H I J K L M N    |
|   1 (1 0 1 0 1 0 1 0 1 0 0 0 1 1)   |
|   2 (0 1 0 1 0 1 0 1 0 1 0 0 1 1)   |
|   3 (0 0 0 0 0 0 0 0 0 0 1 1 0 0)   |
|   4 (0 0 0 0 0 0 0 0 0 0 1 1 0 0)   |
|   5 (1 1 0 0 1 1 0 0 1 1 0 0 1 1)   |
|   6 (1 1 0 0 1 1 0 0 1 1 0 0 1 1)   |
|   7 (0 0 1 1 0 0 1 1 0 0 1 1 0 0)   |
|   8 (0 0 1 1 0 0 1 1 0 0 1 1 0 0)   |
|   9 (1 1 0 0 1 1 0 0 1 1 0 0 1 1)   |
|  10 (1 1 0 1 1 0 0 1 1 0 0 1 1 0)   |
|  11 (0 0 0 0 0 1 1 0 0 1 1 0 0 0)   |
|  12 (0 0 0 0 1 1 0 0 1 1 0 1 1 0)   |
|  13 (0 0 0 0 0 0 0 0 0 0 1 1 0 0)   |
|  14 (0 0 0 0 0 0 0 0 0 0 0 0 0 0)   |
|_____________________________________|

 _____________________________________
|                                     |
|      A B C D E F G H I J K L M N    |
|   1 (1 0 1 0 1 0 1 0 1 0 0 0 1 1)   |
|   2 (0 1 0 1 0 1 0 1 0 1 0 0 1 1)   |
|   3 (0 0 0 0 0 0 0 0 0 0 1 1 0 0)   |
|   4 (0 0 0 0 0 0 0 0 0 0 1 1 0 0)   |
|   5 (1 1 0 0 1 1 0 0 1 1 0 0 1 1)   |
|   6 (1 1 0 0 1 1 0 0 1 1 0 0 1 1)   |
|   7 (0 0 1 1 0 0 1 1 0 0 1 1 0 0)   |
|   8 (0 0 1 1 0 0 1 1 0 0 1 1 0 0)   |
|   9 (1 1 0 0 1 1 0 0 1 1 0 0 1 1)   |
|  10 (1 1 0 1 1 0 0 1 1 0 0 1 1 0)   |
|  11 (0 0 0 0 0 1 1 0 0 1 1 0 0 0)   |
|  12 (0 0 0 0 1 1 0 0 1 1 0 1 1 0)   |
|  13 (0 0 1 1 0 0 0 0 0 0 1 1 0 0)   |
|  14 (0 1 1 0 0 0 0 0 0 0 0 0 0 0)   |
|_____________________________________|

 _____________________________________
|                                     |
|      A B C D E F G H I J K L M N    |
|   1 (1 0 1 0 1 0 1 0 1 0 0 0 1 1)   |
|   2 (0 1 0 1 0 1 0 1 0 1 0 0 1 1)   |
|   3 (0 0 0 0 0 0 0 0 0 0 1 1 0 0)   |
|   4 (0 0 0 0 0 0 0 0 0 0 1 1 0 0)   |
|   5 (1 1 0 0 1 1 0 0 1 1 0 0 1 1)   |
|   6 (1 1 0 0 1 1 0 0 1 1 0 0 1 1)   |
|   7 (0 0 1 1 0 0 1 1 0 0 1 1 0 0)   |
|   8 (0 0 1 1 0 0 1 1 0 0 1 1 0 0)   |
|   9 (1 1 0 0 1 1 0 0 1 1 0 0 1 1)   |
|  10 (1 1 0 1 1 0 0 1 1 0 0 1 1 0)   |
|  11 (0 0 0 0 0 1 1 0 0 1 1 0 0 0)   |
|  12 (0 0 0 0 1 1 0 0 1 1 0 1 1 0)   |
|  13 (0 0 1 1 0 0 1 1 0 0 1 1 0 0)   |
|  14 (0 1 1 0 0 1 1 0 0 0 0 0 0 0)   |
|_____________________________________|

